200
0 0.3869 0.10427 2.4479e-08 0.031943 0.031316 0.011142 5.4791e-06 0.0099788 1.6814e-06 0.075759 0.028828 0.14535 0.0086023 3.5944e-06 0.46864 0.12051 0.070333 0.0043645 0.17744 0.0074279 0.00089936 0.0010596 0.0075517 0.27184 0.092854 0.0022148 0.00011685 0.0067826 0.0005273 0.00012051 0.0095646 9.4791e-06 1.0149e-05 0.0065919 1.5244e-05 0.0059516 0.00048966 0.0024244 0.01972 0.56495 0.0045858 0.025838 0.0077554 0.11072 1.7547e-12 0.038027 0.013998 0.072465 3.5893e-05 0.46532 0.10934 0.088243 0.0006923 0.012234 0.0066618 0.00012048 2.6818e-07 0.058837 0.23594 0.017673 0.059582 0.00075452 0.0024899 0.0011171 0.088105 0.0040262 0.0030382 0.024677 0.039647 0.038514 0.0060133 0.0021087 0.13602 0.00076295 0.07698 0.46889 0.00019382 0.00066483 0.0018781 0.001017 0.00078401 0.35584 0.23342 7.8206e-07 0.069013 0.026454 0.00010415 0.36823 0.047015 0.0013092 6.6312e-07 0.10505 0.0018934 0.09451 0.16041 0.0037493 0.033459 0.0031244 1.6555e-12 0.043277 0.031148 0.24262 0.75822 1.2698e-05 0.001077 0.0043359 0.00015916 0.00086474 0.015613 0.0053784 0.028333 0.27433 0.027914 0.017505 0.027761 5.7494e-09 0.0023877 0.00071375 0.001974 3.6408e-05 0.00083153 0.1553 0.017387 3.0594e-13 0.0001346 0.0038075 0.093888 0.084248 0.075491 0.0067321 4.0035e-05 7.3211e-05 5.5571e-08 0.0015477 0.035112 3.1546e-09 0.064997 0.00040156 0.00023171 0.028688 0.29306 0.19568 0.00043694 0.010652 0.14204 0.00023239 0.013316 0.09843 0.09918 0.00017133 0.03082 0.010949 0.57161 0.0056673 0.20871 0.027796 0.25232 0.009394 0.24519 0.00078594 0.095756 0.007069 0.071838 0.0275 0.1315 0.18293 3.2434e-05 0.30724 0.0021423 4.8135e-06 0.00047301 0.02076 0.091882 0.00013722 9.4182e-10 0.00012418 2.4229e-06 0.00089365 0.013561 0.0013609 0.00066526 2.3191e-05 0.014021 0.00051072 3.6666e-07 0.00013559 0.016216 0.00020295 1.5565e-05 0.16777 0.001159 0.0057143 0.07342 0.00039418 0.003726 8.084e-05 0.00095988 0.033106 0.0037093
0.3869 0 1.9375e-05 0.00019541 0.15204 0.00026905 0.0046717 0.10399 0.0479 0.0033178 0.00016802 0.034023 0.00014786 0.024727 2.7115e-05 0.00036397 0.015233 0.013482 1.5886e-05 0.023793 0.0031341 0.3302 0.0047997 0.11778 0.0096413 0.071184 0.00078667 6.6567e-05 0.0077686 0.00015402 3.9156e-06 7.3818e-05 0.33917 0.0068088 0.16689 0.0008126 0.00031634 0.0043004 0.027713 0.032333 0.15402 0.032745 6.0749e-07 0.12924 0.0021991 4.9744e-10 0.0077805 9.8073e-05 0.056556 0.28732 0.025121 0.032269 0.0048496 0.017892 0.0078145 0.00035587 0.066145 1.4395e-07 0.012099 0.015874 0.011867 0.40853 0.05769 0.010607 5.9136e-05 3.7889e-07 0.00099275 0.0051622 0.14646 0.31728 0.22202 0.0029881 0.010436 0.050931 0.0027702 0.011623 0.019309 1.9177e-07 0.0037002 6.5453e-06 0.046118 0.227 0.013181 0.0019104 0.14352 0.13918 1.9032e-05 0.03351 6.7033e-05 8.6719e-05 5.6187e-05 0.022892 0.00011444 0.0035297 2.0534e-08 0.69126 0.17098 0.0020639 0.001538 5.5082e-06 0.0022518 0.261 4.5327e-05 3.1429e-05 0.0022171 3.1537e-07 3.8649e-06 0.0092011 0.23685 0.031816 0.00015163 0.038656 0.0030628 0.091308 0.099532 7.5978e-06 0.0073032 0.0026014 0.0030913 0.02564 0.025647 0.051433 0.0080227 0.22666 0.00082511 0.00017222 0.026701 0.035442 0.00078603 0.055729 0.030621 2.5403e-06 0.00034029 6.6503e-09 0.017462 0.18338 0.11075 0.016482 0.064579 0.0023563 0.080566 6.4547e-05 0.10255 0.080442 0.058754 0.016937 0.0062205 0.013855 0.41881 0.016618 0.0072981 5.9031e-06 0.005874 0.74833 0.35811 0.19529 3.3109e-05 0.32605 0.091809 0.38679 0.020889 0.026286 0.029997 5.5375e-06 0.0047167 0.0041953 0.046273 0.016572 5.3612e-05 0.0051903 0.0096017 0.05208 0.13392 0.12071 0.00021576 0.18583 0.030435 0.00015513 0.21148 0.26987 0.043953 0.0016903 5.8374e-06 2.6987e-06 0.0009766 0.086418 0.05976 0.10756 7.1852e-05 0.0075014 0.0026077 0.068978 0.00085157 0.007207 0.0083401 7.1056e-05 0.036289 0.093712 0.00018594 1.1404e-11
0.10427 1.9375e-05 0 0.0010041 0.22118 0.28643 0.031362 0.032702 0.01358 0.011431 0.016669 0.00025671 0.0033297 0.00037529 0.0018596 0.13019 0.074361 0.00038658 0.00037668 0.0021112 0.0062493 0.0073673 0.075268 0.00023188 0.0049455 8.4472e-06 0.0016021 0.020105 0.34835 0.00090345 0.0011709 0.056489 0.052306 0.056589 0.00011964 0.00073216 0.12004 5.9071e-10 0.58103 0.00040471 0.00016889 0.031471 0.00026004 0.037685 1.9403e-06 0.0032776 4.3596e-05 0.0014194 0.0057945 0.030992 0.27077 7.5932e-08 0.00054341 0.0019837 0.0011478 5.2696e-06 0.0094215 0.029872 0.00037057 0.00014658 0.0062515 0.23892 0.012558 0.0040813 0.0095525 0.00010995 0.00022231 0.017171 0.00054428 0.028919 0.015513 1.17e-07 0.26197 2.1506e-05 0.019432 0.0044416 8.0378e-05 0.011175 0.011801 0.00021772 6.8946e-05 0.00016517 0.00085508 6.3177e-07 0.025079 0.0068502 0.10029 0.0063674 0.010122 0.30022 0.13461 0.029064 2.9615e-08 0.0013861 0.32832 0.0029249 0.074478 1.9013e-06 0.0069498 0.008953 0.0007857 0.00027762 0.0003307 0.005594 0.050698 0.32424 0.056125 0.0008533 1.7831e-05 0.036453 0.0016755 0.00023581 3.6038e-05 0.0091432 9.6693e-07 0.10478 0.045331 0.069085 0.0024678 1.5312e-09 0.00012299 0.40861 1.3403e-08 0.00013199 0.01952 3.5829e-05 2.5976e-05 0.00086959 0.80483 8.8251e-05 0.030126 0.14157 0.058049 0.007951 0.0026876 0.018811 0.013016 7.0337e-06 0.060497 6.4383e-07 0.46141 0.061623 0.00019909 0.00023913 0.00027615 0.0010609 5.5497e-12 0.10677 2.1947e-07 0.0083181 1.7656e-05 0.00041479 0.040351 0.23101 0.00032438 0.013967 1.9307e-09 0.00090585 0.0063014 0.0016604 0.17346 0.00026286 3.6462e-06 0.00032961 0.036558 0.0013347 0.00099253 0.32912 0.5167 7.067e-06 0.00016073 0.21198 0.1176 2.5114e-05 0.00069483 0.14908 0.048727 0.036358 0.00024869 0.12645 0.00029974 0.00039163 0.022052 0.021489 0.038431 1.0356e-05 0.048509 0.076517 0.27894 0.44874 0.1587 0.00033779 0.0019443 0.052221 0.00066838 0.068365 0.023983 5.5767e-10 0.0018514 0.00056338
2.4479e-08 0.00019541 0.0010041 0 0.008843 0.16971 0.03735 0.017619 0.023766 0.034915 0.0026661 0.00085204 2.5603e-05 5.7087e-05 0.30021 0.00036072 0.00011893 0.027246 0.023284 0.00018201 0.0010889 0.0062405 0.00012879 0.087127 1.2302e-05 9.417e-09 0.11141 0.0011108 0.045264 3.252e-13 0.04484 0.00062278 0.014858 0.00014856 0.03889 8.7527e-08 0.049208 1.5758e-05 0.11286 0.021855 0.067146 0.060985 0.29354 0.001984 0.11987 0.0045708 0.2845 0.012455 4.8284e-06 0.0066201 0.038911 4.6585e-05 0.42277 0.060323 0.00017297 1.1519e-07 0.019642 0.037734 0.21759 0.017129 0.010391 7.5623e-06 0.17738 0.14975 0.00019925 0.00077446 0.12071 7.054e-05 0.012439 6.0353e-08 1.1649e-05 5.7264e-05 0.00012481 0.0073635 4.1869e-05 0.19914 2.9182e-06 0.018583 0.0015126 1.7434e-05 0.00024208 0.00079059 0.14594 0.0029225 7.3077e-08 0.011901 0.00042137 0.0012085 0.017434 3.3788e-05 0.0014683 0.0039827 0.052199 0.07779 0.15578 0.0058619 0.0047859 0.033292 1.0129e-07 0.0089683 0.00021702 0.0023395 0.00052749 0.0093665 0.009584 0.47797 0.00043468 0.016499 0.0026382 0.050948 0.07484 0.0036669 0.025984 0.00079843 0.03003 0.14379 0.10945 6.1805e-05 0.043857 0.000127 8.0479e-05 0.0054601 0.084609 1.2567e-07 8.1824e-09 0.099841 0.070067 0.0040182 0.00014046 0.0006559 0.0039668 2.8435e-09 0.024299 0.089786 0.0084583 0.19351 0.0014368 2.1578e-05 0.14412 0.037698 0.0076557 0.01056 2.4028e-11 0.085423 0.033696 0.0011916 0.0043898 0.038221 0.0053561 0.064806 0.010437 0.039803 0.021165 8.7981e-06 1.4298e-07 0.077806 0.11591 0.00044043 2.2571e-10 0.018545 0.0020821 0.062526 0.15105 0.0027867 0.027761 0.0019584 1.0677e-11 0.010736 0.073556 0.00011677 0.0020142 0.011318 0.36267 0.11954 0.047932 0.5199 0.0017582 1.2576e-05 0.006552 5.7847e-05 0.00022457 0.12576 0.021066 2.1856e-06 8.1726e-11 0.26149 0.13596 9.7639e-05 0.037379 0.0038186 0.096361 0.018837 0.007237 0.0098832 0.00089201 0.0046592 0.077584 0.064068 0.00022474 0.018693
0.031943 0.15204 0.22118 0.008843 0 0.00211 0.49062 0.0043006 0.092298 6.7205e-05 0.19505 0.0077104 1.7887e-05 0.010827 0.00016353 0.0096403 0.055263 0.0033649 1.5824e-05 0.84362 0.00035856 0.32007 0.00031375 0.4663 0.011859 0.0069993 5.229e-05 0.0022544 0.00019757 2.4224e-06 0.16412 0.00021134 0.015619 0.0027674 0.0078764 0.00053016 0.00080043 0.1029 0.0061018 0.011345 0.00010198 0.00028893 0.016554 6.5022e-05 0.011491 0.0047313 0.00082413 0.00038544 0.0093707 0.026436 0.23493 0.0026288 0.00013453 0.10223 0.019319 8.0831e-06 0.020624 1.3298e-13 0.00019766 1.6422e-08 0.0044944 0.16277 0.0090201 0.0090134 0.041929 0.0022505 0.27758 0.0047999 0.34783 4.4936e-09 0.0019902 0.003967 0.27593 0.023911 0.0010186 0.034134 0.011203 0.018036 1.4374e-07 0.010839 0.0046587 8.381e-05 0.00019763 0.00011994 0.0066675 0.0012893 0.02962 0.0025042 8.415e-05 0.01129 9.2225e-05 0.0001034 0.14444 0.14734 0.11618 0.0002559 0.0022055 0.00024834 0.0011209 0.086809 0.012156 0.0014885 0.19813 0.10079 0.00021954 0.0028603 6.706e-05 0.51665 0.030644 0.0057341 0.0073342 0.56905 0.17486 0.0067109 0.0017712 0.00035855 0.0063912 0.01487 0.035761 0.00073665 0.00043518 0.004737 2.549e-05 0.14053 0.0061141 0.0018587 0.11124 0.00055587 0.00049019 0.18064 6.115e-08 0.019468 0.18415 5.2695e-05 0.1055 2.0415e-06 0.22943 8.4205e-08 5.043e-08 1.291e-06 0.063055 0.0059483 2.1398e-08 0.0035357 0.026273 0.0088633 0.00027013 3.0654e-07 0.0019985 0.014555 0.12652 0.00052453 0.00015114 9.1301e-05 0.062301 0.13587 2.3674e-06 0.1439 0.052187 0.061183 0.082758 1.2625e-07 0.2955 0.0040504 0.00056852 0.00046329 0.002171 0.0020602 4.8383e-05 0.026625 0.19562 0.064655 0.0096939 0.0046074 0.057225 0.37348 2.3831e-05 0.18912 1.1981e-05 0.0012107 0.13552 2.2512e-05 0.0072326 8.9377e-06 0.26618 0.021679 0.016943 0.0715 0.0023719 1.7049e-05 0.0037527 0.024275 0.00033611 0.085049 0.0036945 0.025021 0.018145 0.00078183 0.014761 0.013389
0.031316 0.00026905 0.28643 0.16971 0.00211 0 0.0083281 0.0094049 2.0977e-05 1.871e-15 0.00011839 6.6628e-05 0.0025033 5.6632e-06 0.0071042 0.079496 0.078753 3.2626e-05 0.032239 0.001282 0.043778 1.0868e-05 0.026213 0.11298 0.055551 0.0042348 0.0014074 0.046479 0.0023647 0.017972 0.17347 0.14103 0.00021815 0.010675 0.41164 0.0010259 7.3493e-08 0.00032977 0.0013538 0.072788 0.0012824 1.418e-06 0.50114 0.075635 1.7879e-05 0.091348 0.11633 0.0026115 0.00045631 1.1055e-05 0.044669 1.2802e-10 0.25484 0.0014067 0.0063256 0.00044363 0.0008583 1.1556e-12 9.5247e-05 0.18708 0.0017985 0.0007097 0.0029265 0.0022082 0.37696 0.29503 0.039564 0.0038601 0.001732 0.0019971 0.00058249 0.012863 0.10066 0.001941 0.11626 0.0047724 2.0676e-06 0.014942 0.053863 0.031613 0.015763 3.1031e-09 0.0032627 3.7637e-07 0.0045205 0.04811 0.038025 0.53642 0.10059 0.0047539 0.0066005 0.0041583 0.00017314 0.053168 0.039334 0.002688 0.0066198 0.039514 3.3605e-05 0.0058617 0.080322 0.063066 0.00038749 0.015931 0.010484 0.27876 0.025267 3.8005e-05 0.54015 2.6035e-07 0.14644 0.24336 0.046739 1.1462e-06 0.00041541 0.00088605 0.065157 1.4088e-06 0.14715 0.00020125 1.0338e-05 0.0001141 0.032012 0.00022563 0.014208 0.0008707 0.0001795 0.0037096 0.15136 0.054458 0.067332 0.014628 0.043638 0.013646 0.0003479 0.00079268 0.002628 0.016708 0.020756 0.0068074 0.009557 0.0042991 0.0041658 0.0114 1.2933e-05 0.031696 0.0057243 0.0012868 0.025623 0.0012473 0.0050467 2.1286e-05 0.0035974 0.057327 6.0825e-06 0.088031 0.00060654 0.15011 0.035018 0.00022441 2.6561e-07 0.14504 0.0017872 0.052074 0.0041555 0.00024599 0.063948 0.094407 0.028155 0.0050054 9.5517e-06 8.682e-05 0.00011277 3.0321e-05 0.00058577 0.0029066 0.0040941 0.079153 0.060289 5.8828e-07 0.01042 0.33552 0.51752 0.061224 0.1684 0.0031699 0.0184 0.0033346 2.2309e-05 0.00091271 0.00081559 5.3233e-06 9.6839e-05 0.036101 6.6935e-05 3.6019e-08 0.12209 1.682e-09 2.0537e-06 5.2908e-05
0.011142 0.0046717 0.031362 0.03735 0.49062 0.0083281 0 0.0077066 0.010638 0.00042839 0.0066737 0.046961 0.42886 0.0097907 0.0022779 0.0050528 0.0022234 0.0083929 2.6208e-05 0.00032924 3.9861e-06 0.062165 0.66859 0.0011605 0.0018481 0.017484 1.42e-08 6.5667e-05 0.011623 6.8073e-05 6.9137e-07 0.0039416 8.4778e-07 0.014448 0.71396 0.00046347 0.0030668 0.00031939 0.011386 0.61153 0.44487 0.059982 0.0082177 2.8539e-07 2.8354e-07 0.30161 0.0038176 2.0273e-06 0.010798 0.00018825 0.011841 0.00027701 0.016412 0.086714 4.2743e-05 0.00043036 0.32898 0.18074 0.015277 0.010809 0.22222 0.020663 0.020031 0.005415 0.0010967 0.019658 0.27727 0.070209 0.0090989 1.1929e-05 0.005449 0.3108 0.0078848 0.15358 0.025181 0.012175 0.025264 0.001699 0.013254 0.0059047 0.046067 1.7581e-05 0.0002634 0.091898 0.0068872 0.29066 0.095977 0.050173 0.11191 0.10376 3.7949e-08 5.0873e-05 0.0097058 0.042978 0.0065049 0.055864 0.0041566 2.4003e-07 0.0026825 0.099303 2.4293e-05 0.0017327 0.066544 0.0027173 0.15371 0.18469 0.00030323 2.0682e-06 0.00098719 0.0034416 0.042692 0.103 0.23697 0.24559 0.00057777 0.004414 0.0013146 0.001666 2.7839e-05 0.0031849 0.035561 0.0062183 0.22254 1.6307e-08 0.077883 0.00018857 0.53372 0.10036 5.9695e-07 8.9457e-05 0.0031957 9.106e-05 0.00057626 0.069687 0.00023398 0.050292 0.0009504 4.5017e-07 0.36662 0.33215 0.00039715 0.0018336 0.0076589 0.0038837 0.02847 0.13402 0.10182 0.0042346 0.00012102 9.6858e-05 0.00022424 0.055016 0.012774 0.04221 0.097069 0.49359 0.00047858 1.9892e-06 0.00091346 0.00012199 1.9549e-05 0.28027 0.036431 8.6815e-08 0.0099467 0.0052531 0.00046665 0.36902 0.020327 0.024335 0.0036912 8.2347e-05 0.17712 0.21816 0.00076102 0.042954 9.5176e-05 0.0052382 0.063676 0.0063673 0.00038856 0.01228 0.020575 0.0010946 0.0089307 0.14646 0.00018937 0.0013299 0.0019085 0.00025379 5.7612e-08 0.034478 0.0010259 0.18202 0.00042259 0.0062313 2.3776e-07 0.025164 0.17262 0.00038902
5.4791e-06 0.10399 0.032702 0.017619 0.0043006 0.0094049 0.0077066 0 0.016326 0.04089 0.00826 0.00017166 0.022573 9.1578e-09 0.032674 0.0042423 0.2094 0.010071 0.026206 0.17944 0.17005 0.014513 3.4121e-08 4.0627e-05 0.14475 0.22689 0.019271 0.0032426 0.00023991 0.27475 1.5012e-07 3.1403e-05 0.0045248 1.8505e-06 0.009358 0.00012304 0.00059471 0.23699 0.0059407 0.029485 4.002e-08 0.00016858 0.46223 0.072714 0.2892 0.00024026 0.0080604 0.034023 0.0005724 0.001221 0.00054162 3.475e-05 4.5549e-05 0.010043 0.0008673 0.0030105 0.067647 0.037165 0.0006393 0.0049665 0.049632 0.0033371 9.7361e-05 0.17432 3.5896e-06 0.0038208 0.0068155 0.027181 0.091142 0.36192 0.0079546 0.00055129 2.724e-05 0.067819 0.0012617 0.059264 0.00075114 0.0028176 1.9719e-09 0.0036036 1.0562e-05 0.049129 5.4998e-06 0.02367 0.002295 1.9324e-06 0.0394 3.7581e-05 0.0067256 7.3741e-05 0.0031813 0.061532 0.043827 0.02382 0.042188 0.044545 0.00047536 1.5713e-08 0.0025006 0.0085488 0.004217 0.16827 0.55633 0.15493 0.0074066 0.00030253 0.0042207 0.1181 0.057679 0.00027899 0.09338 0.12335 0.39244 0.042114 0.072261 7.9942e-07 0.0020356 0.24033 0.11119 0.00013086 0.11155 0.00019744 1.3056e-12 2.3816e-07 0.019841 0.0015112 0.30372 0.0090611 0.14842 0.0090633 1.6751e-06 2.9718e-07 0.086743 0.0012759 0.075666 0.019134 0.0032943 0.0014086 0.057684 0.0023356 0.23531 0.0004665 0.10771 0.0006382 0.00039213 0.038532 0.2394 5.9473e-07 0.00063835 0.037632 0.0069221 0.015966 0.0043817 0.075305 8.2824e-05 0.027199 0.11813 0.1936 0.071362 0.142 0.00058755 1.9194e-06 0.034109 3.3037e-06 4.8324e-07 0.14829 0.00022928 0.12421 1.7378e-06 0.023112 0.0015355 0.32388 9.406e-09 0.11762 0.15862 0.019521 0.097601 0.016759 0.0011584 0.028588 0.011901 0.00024913 2.1509e-05 0.0030803 0.2609 0.096172 0.00030758 1.6179e-05 0.0018694 0.20355 0.0081626 0.031364 0.15639 0.0027834 0.13914 0.037425 0.058244 0.0012815 0.0031456 0.0049058
0.0099788 0.0479 0.01358 0.023766 0.092298 2.0977e-05 0.010638 0.016326 0 0.00020597 0.00029703 0.24996 0.036828 0.030679 0.015338 0.20663 0.020355 8.3566e-06 0.17835 0.092646 7.8128e-07 0.3258 0.00026971 0.0078498 0.011243 0.25779 0.0024514 0.0091271 1.5259e-05 0.0007446 8.4031e-06 0.089651 1.4177e-07 0.15492 0.019591 0.0050638 0.49987 0.00034742 0.17921 0.00026532 0.011958 0.00023058 0.052453 0.019791 0.0085717 0.022855 0.0066959 0.55276 0.20807 0.25434 0.17909 0.00012266 5.3635e-05 0.037804 0.28685 0.10115 0.34665 0.080264 0.69887 1.1527e-05 0.036425 2.2293e-05 0.0015424 0.0072059 0.00085347 0.00028595 0.0047629 0.082983 0.031999 0.059286 7.0163e-05 0.40404 0.0047666 0.00013427 0.037036 0.26913 0.15148 3.0128e-09 8.5909e-05 1.633e-07 0.011755 0.0013564 0.2739 0.33491 0.0038663 0.010696 0.0050243 0.0008363 0.0021517 2.1403e-06 0.11872 0.44159 0.0056469 0.00020824 1.0439e-05 0.0048643 0.017007 0.00015929 0.030537 0.0012821 0.076567 0.17883 5.2786e-06 1.1435e-08 6.3815e-06 0.14882 0.00032472 0.0013394 6.319e-05 0.024666 0.006447 0.18114 0.00024005 2.5502e-06 0.14361 6.718e-13 0.001373 0.00035941 0.18286 0.0050144 0.016316 0.3088 0.001167 1.4702e-05 0.0024708 0.45962 0.013912 0.02246 0.0036146 0.078912 0.32962 0.0020215 0.015563 0.023949 0.13127 0.0050072 0.029708 0.26082 0.0056578 0.55442 0.023157 0.62365 0.018502 0.23238 0.0086346 0.042711 0.0030909 0.062648 2.4026e-05 0.035753 0.0018303 5.1576e-05 0.020037 0.45784 0.0077176 0.00037336 0.0002568 6.1891e-05 0.071679 0.0051009 0.038844 2.2843e-05 0.00051266 1.2525e-06 0.016853 2.926e-08 0.56028 0.007955 0.00014439 0.010601 0.45495 0.071285 0.35266 6.867e-06 1.6962e-11 0.00010718 0.00023021 3.201e-11 0.67584 0.057069 8.4979e-13 0.040664 0.010105 0.040074 0.00024085 0.039334 0.038669 0.00026745 0.0013839 0.061722 5.1019e-05 0.0015561 4.7748e-09 0.007134 0.0057991 0.1708 0.016694 0.081276 0.00011467 0.0020503
1.6814e-06 0.0033178 0.011431 0.034915 6.7205e-05 1.871e-15 0.00042839 0.04089 0.00020597 0 0.00067784 7.0165e-05 0.0030242 0.083968 0.062317 3.2612e-05 4.3977e-05 0.008792 0.020773 0.00010753 6.5911e-05 0.11529 0.015755 0.022173 0.083387 0.006655 1.3265e-06 0.027918 0.012994 0.056709 3.8673e-05 0.012487 0.0013313 0.17165 0.050578 0.064749 0.0038891 0.040157 0.0056561 0.0078218 0.08745 0.00019807 0.0017584 0.58756 0.036235 0.00092593 0.014503 0.28006 1.4609e-05 0.29094 3.4932e-06 0.00036334 0.17461 0.29796 0.0076702 0.024587 0.73984 0.00023856 0.035451 0.046376 0.015336 0.031883 0.15621 0.0036437 0.14769 0.0030411 0.00064276 0.0017485 1.6196e-06 0.01196 0.011178 0.056933 0.24026 3.2452e-05 2.4096e-08 0.00049141 0.27045 0.24876 0.00038883 4.0526e-05 0.0090589 3.7571e-07 5.0678e-06 0.14918 0.049492 0.0070282 0.01274 9.1412e-06 0.0069568 0.022126 0.01386 0.15709 0.257 0.019844 0.11693 5.9549e-07 0.00035656 0.34964 0.21654 0.026536 0.047759 0.00085461 2.5258e-09 0.027251 0.016685 0.0069764 0.46046 3.0756e-06 0.0056466 0.043591 3.9757e-05 0.023013 0.018018 0.17826 0.039411 1.1133e-05 0.00041678 0.37563 0.016024 0.0199 0.00017429 1.4289e-08 4.7531e-05 9.2805e-05 0.0018159 0.0057904 6.9128e-06 0.05146 0.12755 0.01165 0.057711 0.10216 0.00099853 0.0003388 0.3522 0.27755 0.027255 1.0137e-09 0.0027966 1.5888e-06 0.23907 0.00079904 0.30435 0.019051 0.0012113 0.023526 0.0057327 2.9605e-05 0.00062148 0.23245 0.00019258 0.03921 1.2174e-07 0.0031985 0.09186 0.12711 0.0031555 0.057057 0.61678 0.037539 1.508e-05 1.6104e-06 0.26719 0.0005408 0.16877 0.0015062 9.5716e-07 2.8957e-10 0.042488 0.3062 0.0015592 0.00011634 0.00054003 9.3109e-05 3.2924e-05 0.068717 0.0039091 0.0018403 0.032118 1.5573e-05 0.02308 0.33981 0.00041129 8.5905e-06 0.00064259 3.9007e-06 0.19376 4.2362e-08 0.0030782 0.00013347 0.079233 2.6945e-06 0.038263 0.0059039 0.016555 0.013964 0.12106 0.0013321 0.0059363 0.0074868
0.075759 0.00016802 0.016669 0.0026661 0.19505 0.00011839 0.0066737 0.00826 0.00029703 0.00067784 0 0.0068243 0.0013821 0.050052 0.014058 0.014907 0.00049034 0.060703 0.001407 2.3989e-07 0.042515 0.082894 0.0025112 0.33736 0.0035919 0.00019121 0.34468 0.016674 0.42352 0.15672 0.015141 0.0012318 0.023282 0.018038 0.0010821 0.0050785 0.0051913 0.00096314 0.022531 0.0014333 3.4396e-06 0.058396 0.096813 0.095904 0.021107 0.0037792 0.18023 0.0015367 1.6042e-05 0.021316 0.0054 0.0067412 0.0046543 0.025659 5.2063e-06 0.00019873 0.08792 0.0017061 0.0038032 0.090008 0.042667 0.027009 0.00011252 0.0002992 0.0048878 6.0836e-08 0.47348 0.097556 0.00029387 0.0026889 0.0035083 0.014223 0.061286 0.00055171 0.061774 0.0016227 1.3664e-11 0.012095 8.9512e-07 0.0080921 0.018136 0.3645 0.34283 0.002972 5.7878e-06 0.04584 0.078138 2.8979e-05 0.36808 0.0010048 0.50204 6.9138e-05 0.027259 0.00059116 0.012232 3.6594e-08 0.00051702 0.030895 0.13056 0.0058524 8.7358e-08 0.058541 0.0054918 0.036365 0.0082371 0.056065 0.0018573 0.35329 0.078738 7.0078e-11 0.065136 5.7232e-06 0.00010183 0.10107 2.8543e-05 0.085443 1.3137e-05 0.0030063 0.04257 0.025368 0.011396 3.0489e-06 0.029108 4.7743e-09 0.0090824 0.02151 0.0079418 7.501e-05 0.011276 0.0017613 0.03177 0.61322 0.35055 0.0030204 0.018346 0.036845 0.32129 0.00099547 0.11854 0.0003209 0.0054366 3.2259e-05 1.3109e-05 0.00063169 0.015356 0.18861 0.0035423 0.0028247 0.38429 0.062415 0.001338 0.0058504 9.8834e-08 0.00033908 7.6204e-06 0.1319 1.3814e-06 0.14849 0.00044645 1.0269e-05 0.057587 0.015333 0.00014946 0.001373 0.00076845 0.0027697 1.843e-05 0.039977 0.015692 0.042863 0.013205 0.00023877 0.029621 0.00018972 0.00013375 0.00058798 0.0025683 0.21305 0.01077 0.37114 0.0040515 0.0046094 0.0017976 0.00012644 0.066122 0.027857 1.8492e-05 0.086236 0.0029353 0.0049673 0.10629 0.11662 0.09084 0.031268 8.1158e-05 0.036358 0.48023 0.2248 0.20394 0.25755
0.028828 0.034023 0.00025671 0.00085204 0.0077104 6.6628e-05 0.046961 0.00017166 0.24996 7.0165e-05 0.0068243 0 7.5239e-09 0.11139 5.9127e-05 0.049573 2.1419e-07 0.067291 0.028315 0.12676 0.00033316 0.018208 0.35966 0.0032584 0.01447 8.4291e-06 0.0028883 0.012003 0.005886 0.00028346 0.35207 0.70074 0.014969 0.13896 0.010261 0.0070045 0.00054829 0.00012281 0.01002 0.0016226 0.016486 0.011809 0.043617 5.7272e-05 1.6189e-05 8.1584e-05 0.00052641 0.0017563 0.060048 0.0042954 0.41985 5.1031e-05 0.063023 0.00012368 0.010389 0.17095 0.00017281 1.8121e-05 0.00071655 0.0047513 0.11849 8.8006e-05 0.00015061 0.24434 0.001737 0.4158 0.00048157 0.00071112 7.3598e-09 0.0011202 0.23575 0.015412 0.00020808 0.012312 0.11351 3.908e-07 0.23674 0.0036068 0.082417 0.30381 0.073459 1.5514e-08 0.34829 0.02705 0.61567 0.00019344 2.1309e-07 0.031604 0.24221 0.030965 0.0052654 0.011135 0.50086 0.046251 0.011788 0.35225 0.0062086 0.047773 0.00072956 1.2988e-05 0.030725 0.014833 0.015176 0.17952 0.014365 0.10762 0.00193 0.10531 0.0085578 0.21773 0.059724 0.0013381 0.25066 7.4177e-09 0.012686 0.0020713 0.0918 0.082853 0.0029195 0.0062866 7.075e-09 0.00015523 0.4701 0.030909 0.006828 0.003187 0.0018837 2.6584e-07 1.8414e-07 0.0019684 0.00039972 0.099086 6.2497e-08 0.16901 0.00026435 4.8608e-05 0.071071 0.016942 0.13258 1.453e-05 0.34712 8.1839e-06 3.4906e-07 0.0072373 0.00023402 0.0046673 0.092703 4.1185e-05 0.00034927 0.0039254 0.0015753 0.016374 0.021267 0.013475 0.0027707 6.6148e-05 0.0013023 0.12849 0.0035448 0.0088687 0.0057419 0.056944 0.021856 0.00010515 0.0021336 0.00024352 0.004072 0.0039227 4.9241e-10 0.012111 0.019946 0.0011322 0.11829 0.27577 0.0030712 0.0038642 0.008255 0.10728 0.029356 0.10829 0.002683 0.063696 0.057077 0.019531 0.062859 0.024258 0.00057451 0.010609 0.0006495 6.5993e-05 0.068207 0.017577 0.0029972 2.6833e-10 0.0053667 0.0063569 0.016081 0.0042546 0.37949 0.060522
0.14535 0.00014786 0.0033297 2.5603e-05 1.7887e-05 0.0025033 0.42886 0.022573 0.036828 0.0030242 0.0013821 7.5239e-09 0 0.030114 0.025127 0.088877 3.8438e-12 3.4136e-05 0.0058962 0.075091 0.15191 0.22773 0.010177 0.00046819 0.05601 0.0089507 0.57166 1.8177e-08 0.013272 0.47036 0.0034343 4.1821e-06 0.01183 1.7335e-05 3.8801e-05 0.0018432 0.060183 0.020144 0.0030487 0.036222 6.9005e-05 7.944e-11 0.1159 0.042659 0.16492 0.057486 0.022658 0.00037152 1.895e-05 0.061122 0.08144 5.6679e-06 0.015986 0.047309 0.014756 0.25748 0.14886 0.074796 0.021199 1.9568e-05 0.055958 0.031661 0.15352 0.0028628 0.00077613 1.1671e-10 0.22722 0.00074355 0.19663 4.4761e-07 0.12254 0.056626 0.12597 0.00094004 0.098291 2.2442e-05 0.3847 0.032781 0.01173 0.026603 0.0013289 0.0038661 0.00017184 0.052807 0.0029472 0.042675 0.030932 0.0021598 0.23272 0.0037607 0.017882 0.0091376 0.19183 0.00014241 0.0046129 6.335e-07 0.0053611 3.7031e-05 0.0075086 0.00062099 4.4746e-06 0.00054757 2.0805e-05 0.0018323 0.19674 1.9238e-06 0.004314 6.621e-09 3.2527e-07 5.4833e-07 0.0064468 0.0021135 0.29126 0.0043006 0.1413 7.6868e-05 0.096697 0.0067146 0.043168 0.0049186 2.0232e-10 6.0216e-06 0.21699 8.3183e-08 0.031858 0.16291 0.080685 0.0021468 2.1521e-10 0.0085009 0.16265 0.0054498 7.7047e-05 0.2306 0.00098534 0.02802 0.050706 1.0113e-06 0.0026976 0.0043718 0.0026397 0.00302 0.00077229 0.00018897 0.020591 0.00032682 0.0029564 0.00029701 0.075091 0.010327 0.004014 0.022971 0.0102 0.00074468 0.01436 3.9543e-10 1.4256e-06 0.00043738 0.029493 0.0016156 0.023735 0.11867 0.0042781 0.0011363 0.03699 0.036624 0.00022526 0.098284 0.17306 0.00019655 0.05807 0.013654 0.054166 0.00094686 1.091e-05 0.015319 0.00039868 0.0042965 0.0010926 0.026597 0.00086081 0.00035406 0.038765 0.21452 4.3087e-05 0.035327 0.017072 0.077184 0.024635 2.0698e-05 0.00012236 0.00029717 0.0072038 0.013159 0.099874 0.00041581 0.0046286 0.4584 0.0893 0.0037256
0.0086023 0.024727 0.00037529 5.7087e-05 0.010827 5.6632e-06 0.0097907 9.1578e-09 0.030679 0.083968 0.050052 0.11139 0.030114 0 4.1064e-05 0.0063588 0.55284 0.045683 0.19784 2.0375e-05 0.0049345 0.038059 0.0035449 0.01888 0.0046568 0.0029485 0.0015587 0.047759 0.21878 0.0010842 0.0017477 5.0961e-07 0.00059611 0.014194 0.029551 0.00028177 0.00078018 0.071784 1.7708e-05 0.0085546 0.65227 0.003203 0.016457 0.09536 0.13565 0.077731 0.027787 3.4592e-06 0.079754 0.13363 0.00067365 6.3905e-06 5.8277e-06 0.010638 4.1121e-05 0.010472 0.013218 0.00090726 0.056811 9.9348e-05 0.0078377 0.010057 0.042384 1.4425e-05 0.072233 0.010421 0.0036545 3.983e-07 0.012124 3.4226e-05 0.13078 0.031568 0.0013993 0.0063531 0.00023859 5.7524e-08 0.012432 0.0053442 0.13769 0.0098039 0.0078048 8.5591e-05 0.054207 0.5417 8.4967e-05 0.03305 0.15051 0.7439 0.0010197 4.1458e-05 1.0413e-07 0.014642 0.088313 0.23706 0.19835 1.2433e-13 0.025006 0.018145 8.3134e-14 0.067076 0.024297 3.3887e-05 0.00069065 3.2601e-07 0.003184 0.010371 0.00081047 0.18154 0.010421 1.4525e-07 0.023931 7.6758e-06 0.0045191 3.3119e-06 0.17516 5.7107e-06 0.0055355 0.014388 9.201e-05 0.52497 0.17402 2.6188e-09 6.8562e-05 0.0021556 0.0066611 0.06708 0.022702 9.1927e-07 9.9331e-05 4.1004e-05 0.10729 0.017961 0.050975 0.00063838 0.082245 0.0025329 0.0078094 0.00012843 0.09001 0.092095 5.4404e-05 0.1117 0.0019017 0.0060567 4.5016e-06 0.018454 0.0015353 0.0013726 0.0014499 0.0019878 0.033929 0.020825 0.028216 0.0014892 0.0031176 0.011536 0.020269 0.0010246 0.0027228 0.051605 0.00099384 0.022599 0.23011 0.002631 0.03387 0.30972 0.0030149 0.027917 0.0097715 0.022344 0.0088382 0.004782 0.20757 0.00080156 0.012839 0.0010647 4.4688e-05 0.0012438 0.00058298 0.36509 1.0283e-05 0.053538 3.7316e-05 0.00014087 0.0053459 0.11341 1.1315e-05 0.010812 0.0068574 0.00075246 0.50263 0.024779 0.0036161 0.15275 2.5141e-05 0.08474 0.0040598 0.0059218 0.46922 5.0025e-07
3.5944e-06 2.7115e-05 0.0018596 0.30021 0.00016353 0.0071042 0.0022779 0.032674 0.015338 0.062317 0.014058 5.9127e-05 0.025127 4.1064e-05 0 0.077142 0.034252 0.0003789 0.0020715 0.069676 1.5327e-07 0.01468 6.3384e-07 0.051634 3.3111e-05 0.0018783 0.00031238 0.07474 0.059078 0.0010347 0.03137 0.0037786 6.0321e-08 0.0013497 0.0081869 0.30861 0.00045763 0.00075766 0.29664 0.00010278 0.00015197 2.3385e-07 0.0085818 9.3125e-05 0.049258 3.5397e-11 0.068566 0.010188 0.10808 0.12008 4.6616e-06 0.004929 0.0049699 0.0016152 0.21018 0.16005 0.43889 0.034294 0.010371 0.0013793 0.00077237 0.0038641 4.6538e-06 0.467 0.001739 0.035389 0.00015119 0.0010885 0.0016808 0.054291 1.556e-08 0.09192 0.0062391 0.013923 0.001994 0.10028 7.2538e-05 0.015705 0.097786 0.004563 0.22661 0.061004 0.00055936 0.018437 0.018335 0.00084204 0.00099171 0.045361 0.004914 0.0077446 0.0049518 0.0023754 0.050384 0.032712 0.15669 0.076159 4.7048e-06 0.004357 0.091408 0.017439 0.08623 0.068186 0.00062559 0.00037587 0.0028614 0.058848 0.1961 0.15518 0.029128 4.0188e-05 0.049287 0.56609 0.031362 0.0037554 1.4613e-06 4.0767e-08 0.063662 0.015341 0.0050057 2.7148e-08 0.00016687 7.4294e-05 0.0018748 0.066577 1.6065e-09 0.069815 7.2825e-07 0.086506 0.027465 0.00019068 0.55826 0.00030307 0.01072 0.027841 0.019061 0.00011599 0.028335 0.10997 2.4726e-06 0.14281 0.0032049 0.00016089 0.00067246 0.034636 0.039293 0.34841 0.025103 0.012134 0.08586 0.0025839 0.0052906 0.0067235 0.012932 0.002406 0.080514 0.016891 0.0045706 0.00016139 0.0088541 0.02399 1.2329e-10 0.00093438 0.0013631 3.1792e-09 0.13817 0.00099519 0.010668 9.8392e-07 8.4942e-09 0.024613 0.00033628 0.052855 0.35563 2.2707e-07 0.0034287 0.040281 3.6111e-07 0.00026541 0.12445 0.022568 0.16595 0.017227 0.070978 0.0040424 0.00071177 7.9823e-06 8.2863e-09 0.00704 0.001249 0.18088 0.0037016 0.026029 0.0049395 0.016707 0.00032418 0.030988 0.023405 0.45785 0.015142 0.020932
0.46864 0.00036397 0.13019 0.00036072 0.0096403 0.079496 0.0050528 0.0042423 0.20663 3.2612e-05 0.014907 0.049573 0.088877 0.0063588 0.077142 0 0.85417 1.7363e-05 1.6326e-05 0.020714 0.28414 0.00016689 0.00023404 1.6073e-08 0.0019492 3.4497e-07 0.002702 0.001562 0.0049953 0.17476 0.085152 0.10983 0.0044088 0.0068069 3.0555e-05 0.019333 0.041792 0.03656 0.0003304 0.055161 0.0070127 0.0017122 0.014026 0.040903 0.13003 0.027851 0.52067 7.0189e-07 0.0095102 0.011053 0.0015494 7.4209e-05 0.014577 0.046843 0.00028157 0.040406 0.0047798 0.0086523 0.0017445 2.0045e-05 1.6147e-06 4.129e-07 0.0015845 0.047149 2.7749e-05 0.34935 0.024953 0.014352 0.00099771 3.3953e-06 0.00071937 0.035007 0.04023 0.00017057 0.14864 0.058915 0.025828 0.00067005 0.28297 8.6604e-05 0.018487 0.38657 0.0020466 0.015124 7.1397e-05 2.2288e-07 0.039679 1.1742e-05 4.694e-05 0.00132 1.25e-05 0.0016266 0.003318 0.025438 0.15449 0.020585 0.044252 0.0032181 3.3248e-08 0.073797 0.003436 0.081259 0.0055718 1.7174e-05 0.35701 0.00022421 0.0078143 0.0089882 0.017875 0.02356 8.7459e-05 0.004121 6.707e-06 0.00017536 0.034376 0.020504 1.3157e-05 0.055018 0.14402 0.0035317 0.0055191 0.0016976 2.7153e-06 0.070114 0.0082623 0.59179 0.00059308 0.010206 0.036334 0.0054656 7.0029e-08 4.4111e-05 0.085783 0.05133 0.052486 0.026593 0.0049209 0.0078534 0.00028226 0.39246 0.093439 0.22788 5.0416e-06 0.0051646 0.0009053 1.1644e-08 0.021713 0.00024149 0.0011384 0.047954 0.015694 0.0062321 0.10933 0.00021677 0.12607 0.051223 0.60697 2.9328e-08 0.011186 0.004403 0.010055 0.0041651 0.00035867 0.00068665 0.028804 0.0021517 0.083506 0.24712 0.47665 0.15971 0.086752 0.00013653 0.00077219 0.0063963 0.033549 1.6635e-06 0.036467 0.40927 0.00033871 0.001813 0.10694 0.013506 8.5081e-05 0.37129 0.03793 2.0364e-07 0.02589 0.0078929 0.15623 0.0092976 2.803e-05 0.0047805 0.46739 0.028923 3.2467e-07 0.098684 0.080996 0.00034489 0.0032617 7.9293e-08
0.12051 0.015233 0.074361 0.00011893 0.055263 0.078753 0.0022234 0.2094 0.020355 4.3977e-05 0.00049034 2.1419e-07 3.8438e-12 0.55284 0.034252 0.85417 0 0.0043182 0.00019813 0.099404 0.25898 0.0068687 0.56523 0.073991 0.26929 0.0046844 0.024827 0.082579 0.002798 0.0025662 0.012146 0.030226 0.1856 9.3056e-05 0.046709 0.00051687 0.076643 8.1228e-06 0.14283 0.011886 0.070652 0.064366 0.068968 8.0007e-06 0.58321 0.00048303 0.00037913 0.14665 0.00099049 7.663e-07 0.0094037 0.018215 0.13271 0.082679 0.0052981 3.5006e-06 1.4511e-05 0.078524 2.4002e-06 0.67583 0.050412 0.015132 0.020365 0.5552 0.099892 0.029191 0.083982 0.017819 0.00021882 0.52527 0.084936 0.028139 0.0097609 0.00070412 0.01556 0.008831 0.011296 0.002475 8.4981e-05 0.00053044 7.0146e-05 7.5366e-11 0.081157 7.1157e-05 0.00051978 0.0074771 0.20194 0.23294 2.2643e-08 0.0042682 0.022282 0.035429 6.2835e-09 0.016141 0.09209 0.00024692 0 0.070467 0.036225 0.0007568 0.082973 0.00032399 0.017227 0.14503 0.015542 2.0483e-06 0.0013217 0.0051955 0.06378 0.00019172 1.904e-06 0.047368 0.003878 0.0014392 0.0011774 0.059372 0.056457 0.0090492 0.08281 0.12079 0.089215 2.153e-09 0.0015823 0.015856 6.3568e-08 0.00048659 0.00019307 0.0095362 2.8747e-05 0.10424 0.00081545 0.00010489 0.11783 0.094554 0.0396 0.00086603 0.095969 0.00084705 0.00013227 0.0028975 4.7394e-05 1.9504e-05 0.2528 0.14971 0.072532 0.25509 0.035652 0.12772 0.11554 0.031082 0.047364 8.9419e-06 0.14891 0.17054 0.0044727 0.00098828 0.023627 0.0023081 0.066975 0.017584 0.00051375 0.0037181 1.3521e-06 0.0031155 0.0069766 0.7662 6.7065e-05 0.02177 0.040509 0.0083656 0.00050291 0.027475 0.0036874 0.032334 8.7776e-06 0.0050587 0.0080472 0.061636 0.0013774 0.04223 0.055208 0.00031538 0.27659 1.5587e-07 3.5465e-07 0.0041901 0.030908 0.39014 0.1781 0.0009547 0.0088021 0.040317 0.037694 0.17554 0.58872 0.0032941 0.079516 0.015846 0.10265 0.14861
0.070333 0.013482 0.00038658 0.027246 0.0033649 3.2626e-05 0.0083929 0.010071 8.3566e-06 0.008792 0.060703 0.067291 3.4136e-05 0.045683 0.0003789 1.7363e-05 0.0043182 0 0.1356 0.01194 0.44477 0.020721 0.0044731 0.13032 0.0042349 1.208e-05 0.034339 0.026949 0.0039628 0.0005464 0.0062897 0.00044384 0.41944 0.51064 0.0034835 0.088274 7.8301e-05 0.040789 0.00035101 0.4911 2.2623e-11 0.006768 0.0094124 0.0020092 0.16786 3.2202e-08 5.6016e-08 0.00032263 0.012652 3.544e-12 0.00031354 0.089669 0.14792 0.0058881 0.016556 0.0023854 0.050197 0.080178 0.343 0.12521 0.074747 0.00020938 5.2467e-10 0.025269 0.060036 7.08e-05 0.0095435 0.040649 1.6978e-07 0.11565 0.25537 0.02268 0.188 0.020409 9.5315e-05 0.063073 0.00011197 0.03745 1.3357e-05 1.688e-06 0.057286 0.16936 0.035934 0.0016858 0.039768 0.070527 0.00023772 1.1678e-05 0.001912 0.002366 9.2642e-05 0.0001774 3.6667e-05 0.040751 1.6318e-09 0.061359 5.6994e-05 0.58686 0.0011893 0.022549 0.00059641 1.1651e-09 0.34074 3.4335e-05 0.025489 0.1264 0.010508 0.0032189 1.3998e-09 1.5261e-08 0.0016035 0.00073582 0.024248 0.086161 0.014019 0.011246 0.0036202 0.073042 0.20719 0.0057012 3.079e-05 0.00031165 2.6081e-05 0.066968 0.19124 0.0052135 0.021338 0.0002295 0.00043147 0.012151 0.029403 0.062347 0.00020693 1.5878e-05 0.0021524 0.010488 0.085597 0.096094 0.005761 0.061943 0.083986 0.11312 0.0067633 0.069118 0.0049454 0.10151 0.45318 0.0063696 4.7037e-06 0.0050967 0.0038292 0.076109 5.8922e-05 0.14077 0.012614 0.00094051 0.11507 2.0622e-06 0.083851 0.057904 0.086959 0.0001485 0.0017147 0.01671 0.026831 0.17317 0.0071756 1.2193e-05 0.0017298 0.000593 0.0085412 0.075283 0.032853 0.0021761 0.00416 0.003 0.00013238 1.7853e-05 0.044275 2.0763e-09 0.0020866 0.00079634 0.0053625 0.00115 9.5968e-05 0.0042101 0.00091473 6.8125e-07 8.8114e-06 0.67506 0.049936 7.6232e-06 0.012834 0.0020818 0.0085642 8.4901e-05 0.36351 1.4973e-08 0.14585 0.0034944
0.0043645 1.5886e-05 0.00037668 0.023284 1.5824e-05 0.032239 2.6208e-05 0.026206 0.17835 0.020773 0.001407 0.028315 0.0058962 0.19784 0.0020715 1.6326e-05 0.00019813 0.1356 0 0.0059656 0.0028843 0.0039973 0.00015684 0.038443 0.0092939 0.0052606 0.0054558 0.0045234 8.5309e-06 0.004655 0.18094 0.00019625 0.027554 0.0048776 0.0081681 0.0055149 4.2863e-06 0.071308 0.0011471 0.23194 1.6813e-05 0.050885 0.012091 9.2712e-08 0.34678 0.02143 0.014649 3.6933e-06 0.053246 0.095359 0.012209 0.0013144 0.00047057 0.022152 0.14312 0.00018173 0.14503 0.0014161 0.00041451 9.7453e-05 0.00086726 9.6432e-07 0.049803 0.39288 0.1881 0.053431 1.0317e-05 0.076718 0.74106 3.8576e-05 0.12318 6.5646e-05 0.0024629 0.0097236 0.18845 0.00029676 0.71321 0.015557 0.0046423 0.00012411 0.0001823 0.21175 0.0077538 0.0014031 0.37281 0.068396 0.0068501 0.00086955 7.251e-05 0.042049 0.0014929 0.85549 0.019925 0.0018091 5.064e-05 5.118e-06 0.090624 0.006094 0.19967 0.22787 0.00068828 0.022492 0.0012781 0.025879 9.4386e-10 0.0042358 0.46291 0.23296 0.00014017 0.30485 0.002675 0.001276 0.15639 0.017629 0.74804 3.1204e-07 0.21373 0.039408 0.00373 0.03701 4.9264e-06 0.0023582 0.011265 4.4551e-05 0.0073292 0.12585 0.021092 0.014456 0.070688 0.0090022 1.8826e-06 0.0012231 0.013971 0.004768 0.08425 0.020143 9.0237e-05 0.0075104 0.018895 0.020878 0.0043326 0.00085913 0.050322 0.10118 5.6123e-06 0.00026739 2.452e-07 0.045555 0.031618 0.036261 0.19844 0.067631 0.0010941 1.7747e-05 0.00072214 0.0019518 0.0020297 0.078061 0.077333 0.22428 5.6258e-07 1.1155e-05 0.34771 0.15311 0.00011109 0.001522 5.6967e-05 1.1295e-05 0.00024592 2.0083e-07 0.24011 0.18584 0.051209 0.074187 0.26001 4.1372e-05 0.00021658 0.012021 0.034441 2.3437e-05 0.0077109 0.1379 0.0030744 0.0087286 0.16191 9.7367e-10 0.85532 0.14349 0.048772 0.00020696 0.015594 0.28539 0.00026861 0.0011104 0.16782 0.00025988 0.07994 0.00019553 9.8548e-06 0.16144
0.17744 0.023793 0.0021112 0.00018201 0.84362 0.001282 0.00032924 0.17944 0.092646 0.00010753 2.3989e-07 0.12676 0.075091 2.0375e-05 0.069676 0.020714 0.099404 0.01194 0.0059656 0 0.0025179 5.2553e-05 0.00025598 0.020093 0.043333 0.00061653 0.0017242 0.028028 0.2707 0.14719 0.075286 0.028277 8.7717e-06 0.0082929 0.083141 0.036285 0.089454 0.0017746 0.00018825 5.8643e-05 0.28733 3.8341e-07 0.00090243 0.012393 0.18018 0.0013623 0.0063097 0.00061063 0.015592 0.07574 0.0042051 0.013378 0.14722 0.14604 0.0010392 7.1485e-05 0.013611 0.0071553 0.17586 0.26306 0.00015996 0.0083241 0.23946 0.039233 0.00022998 0.0010114 0.00011856 0.065313 0.0019247 0.00086814 0.5684 0.14675 0.0014906 0.0056029 2.6732e-07 0.044922 0.014375 0.098218 0.014623 0.0040732 0.00035105 0.00047665 0.010733 0.059697 0.0049909 0.014593 0.00037263 0.010564 0.3338 1.0551e-07 0.010206 2.0459e-05 0.031588 0.096741 0.051396 0.26831 0.12583 0.14669 0.15749 0.00070774 0.019064 0.017314 0.00012715 0.00019685 0.25017 3.9732e-05 0.00022718 0.137 0.003439 0.22589 0.0013003 8.5162e-05 0.011534 0.23162 9.9986e-05 0.45153 0.0033505 0.036393 0.10921 1.093e-09 0.024913 0.00029918 0.042343 6.127e-06 0.0098068 0.045606 0.036328 0.0027409 0.016116 0.0015174 0.32068 0.024412 0.062442 0.010079 0.012128 0.014124 0.0081869 4.2407e-05 0.0010229 0.008623 0.0058804 0.00078766 0.37322 0.0088589 0.07895 0.00297 0.00039076 0.00081984 0.11911 0.15854 1.9254e-11 0.34649 0.0021326 0.00066121 0.038127 0.025157 0.020804 0.25755 0.0088156 0.025113 0.0017408 0.045795 0.061694 0.010173 0.23381 4.3894e-05 6.9444e-06 0.0099901 0.058404 0.0044385 0.013034 0.24593 0.0033182 0.0012715 0.25118 0.011817 0.0002588 0.0057457 2.2897e-05 0.015243 0.011458 0.00011364 0.39071 0.0053772 0.00062374 0.0029485 0.00019421 0.0020987 8.5733e-05 0.30745 3.4723e-08 0.00054443 2.9083e-07 0.0036844 4.712e-07 0.027161 0.0040749 0.00010007 0.21335 0.031209
0.0074279 0.0031341 0.0062493 0.0010889 0.00035856 0.043778 3.9861e-06 0.17005 7.8128e-07 6.5911e-05 0.042515 0.00033316 0.15191 0.0049345 1.5327e-07 0.28414 0.25898 0.44477 0.0028843 0.0025179 0 0.11908 7.2108e-06 0.15769 0.31842 0.10133 0.032684 0.4353 1.1228e-05 0.045554 0.14847 0.17202 1.6843e-06 0.0065015 0.042201 0.052906 0.00012141 0.12058 0.00060089 0.00045594 0.093699 0.013693 0.022888 0.035484 0.00011762 0.0004326 0.015565 6.9593e-05 0.00016794 1.7891e-06 0.0052175 0.41269 0.00098904 0.21929 9.4695e-09 0.0013308 0.0087503 0.057097 0.00027451 0.018571 0.011575 0.13943 5.956e-06 0.065539 0.003804 0.09936 7.8204e-07 0.0061558 0.022874 0.070321 0.0082621 0.0011083 0.31923 0.02357 0.00021105 0.0076953 0.00040906 0.15164 0.0019748 0.39073 0.00010807 0.12273 0.097438 0.0036837 0.16638 0.00094954 0.0015974 0.0001737 0.013478 0.00029923 0.051512 0.02378 0.00018951 0.078667 0.0053095 0.003675 0.0085908 4.5254e-06 0.00042239 6.1889e-07 2.6697e-05 0.050328 0.011899 0.061826 0.0009724 0.12345 0.018637 0.0023234 0.00029717 0.035523 0.39603 0.00022007 0.56457 0.014926 1.1826e-06 0.0037048 0.10762 0.010336 0.00040143 0.041286 0.12388 0.00010804 1.8816e-05 0.00035562 0.048132 0.10522 0.15914 1.3845e-10 0.026539 2.3581e-06 0.018395 0.033807 0.03338 0.0055484 0.0025196 0.0079211 0.05531 0.00025839 1.3417e-05 0.062835 5.8691e-07 0.030773 0.0016565 0.00036716 8.3307e-05 0.20337 0.048523 0.15552 1.6446e-05 0.002047 0.00010745 0.044305 0.023832 4.845e-05 7.0421e-09 6.3188e-05 0.00044267 0.0037279 0.078612 0.00016643 0.037064 0.00010472 0.18569 0.0057464 0.13452 4.7151e-07 0.0026098 0.31798 2.9657e-05 0.18522 3.8918e-06 4.6936e-06 0.083293 0.0052014 1.2048e-05 0.0063967 4.1652e-06 4.3418e-05 0.0067606 0.06904 0.16722 0.6118 0.0023105 0.022746 0.00013053 0.13861 0.012775 0.00033521 0.01138 0.017599 0.053133 2.856e-06 0.0091517 0.012226 1.1583e-05 0.0010925 7.7859e-07 0.13191 0.0014915 5.8915e-08
