200
0 0.8414 0.54839 0.85242 0.98964 0.98028 0.99706 0.78201 0.25938 0.48543 0.93433 0.89605 0.4372 0.69153 0.72905 0.92493 0.89373 0.97656 0.86329 0.99969 0.99128 0.82142 0.94829 0.76843 0.42406 0.99931 0.80028 0.41328 0.94113 0.3339 0.95398 0.63715 0.97546 0.98076 0.96598 0.99191 0.56747 0.94842 0.99674 0.45692 0.96726 0.9251 0.40195 0.60337 0.55716 0.85337 0.71175 0.9792 0.90787 0.96235 0.98907 0.77777 0.99883 0.97161 0.79805 0.97514 0.25807 0.7739 0.99506 0.82451 0.89078 0.59458 0.97214 0.46924 0.21856 0.36798 0.63535 0.9845 0.94131 0.41293 0.7261 0.92642 0.87858 0.99953 0.97754 0.56788 0.92214 0.99999 0.79914 0.99356 0.53183 0.97916 0.48799 0.99768 0.82491 0.71777 0.97366 0.9872 0.511 0.97572 0.37447 0.98114 0.92895 0.24357 0.95061 0.43184 0.16385 0.78741 0.95084 0.82263 0.98951 0.86006 0.74438 0.97888 0.89654 0.91889 0.97336 0.85404 0.99865 0.85785 0.9741 0.16858 0.99969 0.82864 0.82591 0.99156 0.90337 0.67777 0.11961 0.85021 0.8265 0.8834 0.99155 0.99557 0.9361 0.12364 0.93171 0.48854 0.62252 0.60244 0.54817 0.72142 0.71298 0.9139 0.49808 0.8537 0.75375 0.82787 0.60299 0.56295 0.99064 0.97427 0.41826 0.99266 0.9995 0.80667 0.7727 0.23676 0.97568 0.67351 0.18489 0.60244 0.48016 0.93197 0.98722 0.90417 0.71313 0.6184 0.93862 0.993 0.40448 0.81572 0.82202 0.96964 0.9742 0.27846 0.68547 0.99509 0.99596 0.3795 0.28495 0.53358 0.73466 0.75205 0.49873 0.20807 0.54588 0.15182 0.99975 0.24887 0.5641 0.29591 0.93099 0.97316 0.8432 0.99587 0.87579 0.74953 0.62365 0.74402 0.71666 0.18074 0.92315 0.94485 0.59949 0.87647 0.99816 0.60426 0.95861 0.94855
0.8414 0 0.38104 0.62369 0.97879 0.97538 0.41474 0.45215 0.995 0.85931 0.69043 0.88474 0.9818 0.86008 0.63888 0.63877 0.9527 0.62379 0.9397 0.76134 0.58249 0.96693 0.96975 0.98088 0.86841 0.9852 0.55181 0.99933 0.41551 0.86297 0.5468 0.59674 0.87789 0.46367 0.82256 0.99953 0.6958 0.559 0.4632 0.99963 0.69426 0.75906 0.74535 0.79627 0.8683 0.92643 0.99965 0.80301 0.084896 0.99887 0.88264 0.65301 0.24244 0.70616 0.51821 0.79607 0.75681 0.60147 0.18799 0.39911 0.83242 0.85667 0.62993 0.87189 0.50985 0.79388 0.52565 0.77225 0.86349 0.24701 0.96626 0.97598 0.8136 0.86905 0.96549 0.89447 0.41056 0.36219 0.99129 0.83878 0.95216 0.97307 0.73946 0.95798 0.61384 0.99362 0.35197 0.99999 0.9769 0.5826 0.72302 0.95017 0.93038 0.6407 0.99298 0.48418 0.6929 0.39617 0.94023 0.79889 0.76028 0.97503 0.93603 0.33667 0.91299 0.74037 0.32043 0.84492 0.95604 0.86449 0.99989 0.9541 0.9592 0.6842 0.93977 0.84344 0.8729 0.67497 0.9251 0.8292 0.79967 0.94726 0.73998 0.99905 0.32658 0.77973 0.92537 0.75881 0.85993 0.61798 0.44615 0.99916 0.13658 0.89315 0.59353 0.78069 0.66663 0.86078 0.47456 0.88745 0.28666 0.78363 0.94369 0.35547 0.79615 0.86331 0.87442 0.85254 0.96508 0.6372 0.99967 0.76359 0.98063 0.9779 0.36215 0.29133 0.81814 0.99747 0.99958 0.28682 0.78363 0.95005 0.69508 0.95971 0.8334 0.63045 0.9999 0.17481 0.87799 0.78115 0.9118 0.96932 0.48972 0.51182 0.99872 0.78206 0.71058 0.16574 0.99357 0.64539 0.95164 0.95931 0.5351 0.88319 0.6694 0.20663 0.8185 0.052338 0.19009 0.93729 0.94898 0.7275 0.94074 0.72863 0.35726 0.21656 0.95635 0.62315 0.95715 0.36754
0.54839 0.38104 0 0.96119 0.95898 0.35781 0.80323 0.99515 0.99764 0.99663 0.99981 0.99002 0.57968 0.98656 0.98273 0.36305 0.97759 0.66459 0.83674 0.90973 0.96425 0.31637 0.96517 0.40743 0.92426 0.99289 0.45352 0.19507 0.95818 0.95135 0.98409 0.97283 0.22403 0.82568 0.43706 0.61545 0.83053 0.64813 0.91039 0.94452 0.99175 0.95923 0.63328 0.66412 0.72378 0.71112 0.99721 0.74667 0.50237 0.9975 0.80101 0.71085 0.062589 0.99605 0.75835 0.45985 0.15828 0.98825 0.98915 0.86987 0.83133 0.69699 0.80744 0.98936 0.9358 0.71005 0.76011 0.9956 0.80394 0.99641 0.65811 0.87945 0.86429 0.99913 0.6993 0.60097 0.85776 0.89643 0.80677 0.99193 0.81568 0.79945 0.87335 0.99999 0.99911 0.86845 0.85694 0.97295 0.77558 0.18464 0.42173 0.80209 0.5708 0.86352 0.39555 0.70326 0.78204 0.93267 0.090322 0.87835 0.96476 0.99371 0.90021 0.39862 0.18082 0.60939 0.70197 0.95371 0.87479 0.10428 0.82894 0.66798 0.18712 0.95888 0.98553 0.66795 0.86248 0.3854 0.95128 0.96512 0.6668 0.98409 0.63729 0.94918 0.56819 0.71153 0.45888 0.99427 0.75788 0.70087 0.80123 0.70282 0.8988 0.74316 0.2365 0.57934 0.84268 0.025779 0.89062 0.92883 0.55297 0.95468 0.99579 0.97789 0.9831 0.77069 0.55171 0.31273 0.56499 0.81275 0.54488 0.29843 0.86876 0.8566 0.79091 0.81531 0.99766 0.16668 0.98279 0.13407 0.90632 0.38194 0.97019 0.90906 0.88574 0.59022 0.86364 0.99992 0.83041 0.74232 0.92484 0.96987 0.2968 0.9322 0.79359 0.99735 0.68625 0.99569 0.74194 0.67793 0.67827 0.95204 0.52979 0.96694 0.73365 0.97568 0.99988 0.90994 0.33159 0.85547 0.95786 0.98877 0.60059 0.96074 0.90973 0.57376 0.95418 0.9835 0.99446 0.9918
0.85242 0.62369 0.96119 0 0.66444 0.92766 0.9956 0.863 0.56855 0.90312 0.99951 0.74065 0.64806 0.99978 0.55331 0.90079 0.74793 0.238 0.88863 0.90888 0.33536 0.96714 0.95078 0.89194 0.99794 0.98159 0.99942 0.35385 0.9693 0.35609 0.85293 0.79364 0.87787 0.73341 0.30011 0.66994 0.91494 0.20447 0.99933 0.84981 0.96165 0.66042 0.74253 0.87457 0.13779 0.98666 0.55806 0.85489 0.98614 0.68248 0.98727 0.49052 0.88054 0.8329 0.41576 0.28898 0.62493 0.81453 0.58025 0.8989 0.90652 0.99672 0.96639 0.79393 0.57427 0.98796 0.50409 0.29006 0.53979 0.99769 0.6587 0.27759 0.94694 0.66997 0.99516 0.88026 0.25754 0.48587 0.99719 0.9986 0.99315 0.99579 0.86383 0.99215 0.88768 0.97221 0.94988 0.81026 0.78509 0.73598 0.34223 0.54342 0.50819 0.90629 0.94972 0.99119 0.3257 0.98607 0.83898 0.89229 0.91055 0.97696 0.25961 0.9949 0.99592 0.99851 0.05792 0.69305 0.68509 0.75377 0.9497 0.87267 0.87907 0.96652 0.97795 0.95795 0.81844 0.65564 0.9722 0.71949 0.95533 0.92918 0.97255 0.99594 0.46301 0.84513 0.99926 0.99994 0.99451 0.89505 0.99649 0.89437 0.99958 0.72504 0.99953 0.95809 0.9964 0.14937 0.99673 0.68644 0.66889 0.88856 0.85972 0.32543 0.7618 0.76301 0.15082 0.61303 0.97833 0.96431 0.85094 0.7218 0.43599 0.9105 0.81932 0.10269 0.71811 0.55122 0.98829 0.87261 0.87011 0.6328 0.99592 0.17153 0.9997 0.99816 0.99367 0.80349 0.9637 0.99802 0.93709 0.59385 0.6641 0.75882 0.5782 0.89169 0.45717 0.74821 0.97377 0.99052 0.84931 0.99811 0.93807 0.19538 0.54367 0.89862 0.95061 0.46364 0.98107 0.44611 0.47214 0.11268 0.92585 0.97663 0.9486 0.78591 0.99405 0.98574 0.6257 0.34689
0.98964 0.97879 0.95898 0.66444 0 0.53097 0.75914 0.50929 0.088999 0.70367 0.93328 0.99817 0.96343 0.95759 0.99281 0.77359 0.46979 0.85663 0.93807 0.97829 0.62306 0.97984 0.98535 0.99241 0.88387 0.99532 0.71914 0.98275 0.59745 0.19605 0.43409 0.56795 0.89699 0.69488 0.99803 0.80023 0.39481 0.2394 0.058409 0.8673 0.62727 0.51752 0.24397 0.99956 0.22057 0.55979 0.69461 0.26647 0.98566 0.94409 0.59893 0.61133 0.98618 0.99117 0.38741 0.99997 0.35658 0.94111 0.27507 0.63254 0.8957 0.96852 0.85054 0.6591 0.99627 0.83901 0.57878 0.82883 0.39865 0.67751 0.27678 0.79568 0.99408 0.91788 0.96107 0.97813 0.92589 0.91181 0.96547 0.9478 0.99191 0.94376 0.26079 0.82298 0.85173 0.33388 0.23773 0.98031 0.70055 0.56307 0.93955 0.21684 0.97343 0.55768 0.40914 0.92836 0.31535 0.67932 0.50449 0.37091 0.83151 0.8419 0.95131 0.44446 0.99926 0.86079 0.93513 0.90428 0.99506 0.43551 0.16987 0.99194 0.99683 0.99271 0.93025 0.98432 0.99877 0.84799 0.98176 0.99016 0.90717 0.71707 0.95694 0.85626 0.64597 0.95666 0.9125 0.35517 0.10264 0.88784 0.63031 0.88362 0.55574 0.95241 0.97318 0.86883 0.57076 0.98965 0.14654 0.59136 0.9379 0.92242 0.78653 0.9998 0.9521 0.90926 0.88751 0.53562 0.92934 0.14653 0.96248 0.92894 0.98759 0.74266 0.99195 0.86232 0.76454 0.99907 0.98383 0.99982 0.24353 0.39612 0.78798 0.99358 0.96809 0.8015 0.53571 0.87878 0.89892 0.88096 0.8548 0.853 0.7569 0.73773 0.52421 0.48866 0.72344 0.33066 0.73486 0.15616 0.63543 0.89845 0.71674 0.99407 0.090931 0.88075 0.99882 0.45738 0.95065 0.38218 0.45373 0.9894 0.90914 0.71713 0.79437 0.58323 0.96093 0.40198 0.92919 0.91408
0.98028 0.97538 0.35781 0.92766 0.53097 0 0.23805 0.98786 0.98131 0.92908 0.98453 0.756 0.88449 0.98401 0.94835 0.99152 0.54618 0.95479 0.99744 0.94062 0.5647 0.81038 0.58537 0.96473 0.58912 0.6881 0.74553 0.92527 0.96097 0.79382 0.8496 0.99898 0.87882 0.5435 0.82162 0.92605 0.99561 0.95088 0.4017 1 0.76554 0.39418 0.99176 0.98294 0.56597 0.63529 0.86771 0.98973 0.57597 0.80959 0.9839 0.81295 0.91756 0.64145 0.9139 0.58147 0.26162 0.51248 0.86359 0.68364 0.98414 0.91794 0.16558 0.8313 0.6019 0.52104 0.76003 0.62573 0.96099 1 0.27625 0.95025 0.91757 0.65492 0.92783 0.99997 0.84302 0.37564 0.5896 0.88775 0.56214 0.72765 0.99764 0.17715 0.91253 0.46698 0.86449 0.84207 0.44296 0.58164 0.54124 0.21375 0.88921 0.93689 0.81304 0.97823 0.73221 0.75844 0.93629 0.99985 0.44152 0.91329 0.92836 0.53071 0.99004 0.82046 0.49947 0.98321 0.78192 0.76357 0.70838 0.93002 0.87521 0.90467 0.99998 0.99211 0.99996 0.88208 0.97297 0.42208 0.68702 0.70831 0.60598 0.99598 0.64762 0.9968 0.94401 0.96649 0.1094 0.243 0.73476 0.97715 0.53298 0.99997 0.79009 0.37198 0.75804 0.56373 0.60141 0.96163 0.34997 0.84723 0.7836 0.88952 0.93209 0.97087 0.55284 0.34517 0.9999 0.40474 0.22248 0.67337 0.99799 0.35171 0.69146 0.39399 0.44214 0.99339 0.96491 0.99895 0.97099 0.96023 0.76834 0.74104 0.78 0.85234 0.95984 0.37213 0.91158 0.55901 0.87589 0.87534 0.45205 0.99986 0.61391 0.93403 0.92405 0.9188 0.87081 0.64327 0.99998 0.68811 0.98215 0.96935 0.83569 0.82749 0.66195 0.69842 0.99531 0.92948 0.93524 0.742 0.53826 0.9267 0.52503 0.99372 0.99982 0.81469 0.98165 0.77488
0.99706 0.41474 0.80323 0.9956 0.75914 0.23805 0 0.98346 0.6998 0.80184 0.83683 0.96074 0.96627 0.90111 0.48212 0.85106 0.60906 0.88013 0.96674 0.87574 0.76372 0.47461 0.22273 0.97827 0.47522 0.078867 0.80452 0.93419 0.73933 0.8664 0.99941 0.96602 0.28884 0.61984 0.76746 0.55734 0.92356 1 0.47683 0.86934 0.95118 0.99762 0.61838 0.633 0.94598 0.94117 0.6059 0.9892 0.72334 0.38563 0.40423 0.31868 0.98633 0.38766 0.74709 0.8856 0.99901 0.98649 0.088022 0.94737 0.89862 0.39278 0.8424 0.33905 0.96738 0.93796 0.43011 0.19593 0.9478 0.98889 0.44137 0.39967 0.8345 0.79726 0.93495 0.99465 0.76435 0.96146 0.99999 0.68082 0.94381 0.80443 0.97967 0.8377 0.68536 0.99787 0.98219 0.89806 0.8511 0.78342 0.92357 0.59016 0.96152 0.8379 0.88777 0.5224 0.91951 0.49623 0.88297 0.39791 0.95076 0.93709 0.95419 0.99891 0.91048 0.90186 0.97392 0.44572 0.96615 0.87043 0.67229 0.47254 0.50193 0.87745 0.57814 0.93558 0.87842 0.99943 0.66749 0.53338 0.70173 0.99882 0.71707 0.33205 0.95433 0.98386 0.72519 0.45536 0.93497 0.57886 0.97289 0.84305 0.94552 0.72337 0.95729 0.97888 0.94314 0.37965 0.49631 0.95222 0.82127 0.84878 0.50914 0.78731 0.71609 0.6087 0.96318 0.84715 0.99928 0.42474 0.99238 0.93237 0.15289 0.99259 0.99839 0.87706 0.15592 0.90694 0.59364 0.98945 0.98518 0.92528 0.96505 0.81257 0.82261 0.99638 0.043188 0.9602 0.84618 0.8605 0.69156 0.86948 0.73468 0.38169 0.98901 0.95211 0.95507 0.99095 0.9593 0.88603 0.67908 0.33823 0.19151 0.61757 0.99719 0.40436 0.36428 0.92387 0.7005 0.9991 0.96859 1 0.98844 0.39625 0.93532 0.9202 0.84949 0.69611 0.75093 0.1372
0.78201 0.45215 0.99515 0.863 0.50929 0.98786 0.98346 0 0.86601 0.98539 0.8244 0.90832 0.98456 0.99345 0.25919 0.92374 0.73187 0.83101 0.40979 0.49656 0.15364 0.71093 0.61719 0.97572 0.86686 0.29463 0.99079 0.98679 0.36964 0.99987 0.83415 0.69054 0.95394 0.91462 0.94454 0.90373 0.98116 0.975 0.59287 0.84901 0.60135 0.99655 0.074783 0.92089 0.97099 0.93269 0.2821 0.9791 0.88439 0.99 0.96611 0.67927 0.97717 0.903 0.50962 0.9982 0.99413 0.22841 0.75927 0.19546 0.78372 0.65746 0.96745 0.96847 0.87986 0.13603 0.72399 0.93426 0.65832 0.97541 0.77988 0.99997 0.84199 0.6977 0.92825 0.99156 0.91943 0.75815 0.98859 0.42681 0.62858 0.75394 0.78554 0.97183 0.90427 0.92751 0.98051 0.7247 0.73394 0.98047 0.8908 0.55268 0.63434 0.79798 0.67787 0.018496 0.9502 0.99974 0.71403 0.95445 0.97538 0.2458 0.99429 0.99589 0.73416 0.57114 0.92604 0.99007 0.49489 0.62182 0.69068 0.99417 0.99806 0.20014 0.6017 0.89282 0.24017 0.67974 0.95834 0.76093 0.97543 0.76787 0.36409 0.9308 0.99567 0.47593 0.99959 0.12597 0.61173 0.95768 0.99627 0.88528 0.95357 0.99974 0.88315 0.25063 0.98945 0.78266 0.99963 0.99196 0.98394 0.87274 0.96629 0.88356 0.10125 0.37319 0.67599 0.42407 0.83941 0.99776 0.99692 0.86001 0.63335 0.99904 0.58541 0.88165 0.76184 0.74872 0.99849 0.98447 0.79206 0.91648 0.87922 0.98909 0.031013 0.98167 0.99161 0.72627 0.38411 0.99663 0.6373 0.66793 0.97825 0.95715 0.42748 0.6281 0.8684 0.18744 0.97318 0.78095 0.70851 0.98595 0.77557 0.53818 0.92449 0.26782 0.74448 0.92447 0.99871 0.61988 0.99728 0.88744 0.75628 0.98456 0.81605 0.92125 0.80804 0.81228 0.99992 0.65731
0.25938 0.995 0.99764 0.56855 0.088999 0.98131 0.6998 0.86601 0 0.70774 0.86169 0.29066 0.65782 0.80012 0.8372 0.59356 0.9787 0.35023 0.99293 0.97989 0.37165 0.93948 0.99593 0.91897 0.93487 0.74195 0.17968 0.34158 0.84938 0.64946 0.90441 0.93298 0.57329 0.91898 0.43052 0.99903 0.99847 1 0.96159 0.44349 0.82756 0.74981 0.8412 0.84379 0.14255 0.94688 0.23028 0.92719 0.81939 0.97232 0.19531 0.74477 0.99449 0.99855 0.97079 0.18977 0.91891 0.72874 0.53488 0.90419 0.67601 0.99519 0.99661 0.87512 0.90306 0.90245 0.98427 0.41655 0.82425 0.99945 0.48468 0.84364 0.93953 0.64599 0.97638 0.87459 0.83792 0.94787 0.63302 0.93596 0.74624 0.98068 0.82718 0.3924 0.8676 0.44386 0.12673 0.60718 0.6985 0.96845 0.98719 0.8621 0.99579 0.86979 0.3306 0.93844 0.98265 0.49757 0.88964 0.49161 0.94841 0.29091 0.67989 0.68654 0.064402 0.96215 0.26499 0.031221 0.99613 0.99867 0.44967 0.99065 0.87217 0.83243 0.46179 0.33918 0.99382 0.99813 0.84603 0.97802 0.97836 0.93584 0.95047 0.85739 0.86658 0.32023 0.99963 0.71596 0.77743 0.93722 0.84761 0.82434 0.82645 0.7849 0.76866 0.99999 0.98258 0.84424 0.91327 0.85594 0.98106 0.68722 0.63284 0.51673 0.6882 0.94778 0.99996 0.93932 0.93503 0.76202 0.96027 0.43394 0.11421 0.7381 0.99156 0.817 0.47692 0.9886 0.95989 0.99077 0.92385 0.87459 0.999 0.9415 0.89558 0.9971 0.99965 0.94933 0.99244 0.98203 0.9572 0.99971 0.98395 0.41345 0.9998 0.61091 0.74439 0.84468 0.90459 0.94025 0.66789 0.8023 0.99753 0.70158 0.99683 0.25369 0.82313 0.61911 0.21659 0.91468 0.32058 0.83234 0.98097 0.99982 0.72463 0.81023 0.83148 0.98244 0.90018 0.14979
0.48543 0.85931 0.99663 0.90312 0.70367 0.92908 0.80184 0.98539 0.70774 0 0.9926 0.8908 0.97873 0.95325 0.88159 0.99991 0.18161 0.92381 0.49713 0.93832 0.76293 0.98952 0.10164 0.74448 0.87679 0.46943 0.73574 0.86091 0.96904 0.96554 0.81287 0.45322 0.94781 0.90536 0.9137 0.90846 0.98461 0.3449 0.97462 0.98759 0.66148 0.30711 0.50291 0.98665 0.89928 0.81811 0.98627 0.89239 0.11186 0.98091 0.98569 0.9947 0.68834 0.84636 0.5987 0.99998 0.64402 0.49011 0.80868 0.59407 0.81151 0.72032 0.32748 0.84835 0.97163 0.95515 0.7347 0.76926 0.69221 0.99589 0.59603 0.68067 0.56536 0.99995 0.57679 0.96606 0.25605 0.87738 0.54323 0.99633 0.90597 0.99691 0.79 0.99528 0.93293 0.99924 0.97586 0.72811 0.1759 0.89606 0.91979 0.72278 0.91873 0.30588 0.9109 0.81195 0.53492 0.98356 0.99199 0.84504 0.33384 0.22617 0.98578 0.74949 0.87136 0.48196 0.97989 0.44806 0.069584 0.68412 0.99903 0.99933 0.55113 0.99556 0.6446 0.12893 0.95145 0.99018 0.76082 0.99897 0.31749 0.35572 0.91702 0.93216 0.99568 0.70879 0.9976 0.89358 0.4178 0.28764 0.98657 0.8522 0.25554 0.89278 1 0.92569 0.98058 0.6089 0.98935 0.36489 0.88475 0.80065 0.90753 0.6945 0.80679 0.91993 0.62346 0.47051 0.18135 0.48142 0.99855 0.44557 0.98213 0.59515 0.81272 0.48846 0.21024 0.51956 0.91048 0.17693 0.92325 0.89802 0.95883 0.84468 0.99079 0.71839 0.53243 0.99115 0.97787 0.9028 0.57198 0.90789 0.99654 0.64262 0.99146 0.43578 0.89301 0.26649 0.43548 0.70749 0.97736 0.95452 0.68654 0.73597 0.56944 0.70835 0.44238 0.92132 0.75425 0.96471 0.12793 0.64438 0.13657 0.091275 0.86813 0.99524 0.41144 0.99337 0.94603 0.66478
0.93433 0.69043 0.99981 0.99951 0.93328 0.98453 0.83683 0.8244 0.86169 0.9926 0 0.80405 0.94662 0.92674 0.70642 0.8148 0.96846 0.83795 0.61207 0.61434 0.99964 0.74192 0.90627 0.96723 0.32021 0.98454 0.9933 0.99665 0.99565 0.94393 0.92737 0.9387 0.91535 0.71951 0.99179 0.93713 0.43765 0.94583 0.97058 0.88022 0.29763 0.57914 0.80661 0.25749 0.81907 0.73353 0.9931 0.51376 0.95163 0.51669 0.95594 0.25717 0.91983 0.98225 0.89523 0.9729 0.96942 0.65079 0.82321 0.77268 0.36359 0.11261 0.99413 0.73735 0.77229 0.94051 0.81643 0.67866 0.94261 0.67395 0.99936 0.51354 0.57583 0.9755 0.40885 0.92236 0.97848 0.51853 0.97959 0.95771 0.89053 0.9518 0.59514 0.90026 0.31694 0.29276 0.50646 0.78024 0.67017 0.63989 0.99963 0.68241 0.44649 0.51736 0.80818 0.86336 0.999 0.68409 0.98636 0.73402 0.87148 0.8751 0.94172 0.92889 0.99885 0.96134 0.22156 1 0.99961 0.96288 0.7619 0.53405 0.2422 0.6119 0.17195 0.95828 0.95309 0.80143 0.84975 0.9976 0.9694 0.99998 0.58972 0.96591 0.65488 0.82173 0.87347 0.93081 0.86289 0.97833 0.97808 0.27422 0.95124 0.65988 0.33821 0.78461 0.98777 0.61351 0.28451 0.80245 0.97572 0.86877 0.47425 0.12856 0.53377 0.82247 0.96802 0.84037 0.99932 0.98546 0.85484 0.4404 0.91158 0.98707 0.92566 0.9424 0.99917 0.48149 0.98383 0.86233 0.97255 0.69453 0.82521 0.41895 0.99732 0.57494 0.99899 0.78216 0.94356 0.96873 0.96792 0.9993 0.92845 0.7696 0.64065 0.20061 0.34612 0.26371 0.99809 0.81743 0.16137 0.87729 0.95995 0.19394 0.96734 0.86772 0.95848 0.69757 0.43279 0.6106 0.93814 0.81245 0.99836 0.92134 0.76719 0.72587 0.78922 0.44278 0.73677 0.62703
0.89605 0.88474 0.99002 0.74065 0.99817 0.756 0.96074 0.90832 0.29066 0.8908 0.80405 0 0.46824 0.15275 0.97842 0.74274 0.40698 0.43923 0.84195 0.58871 0.26638 0.95222 0.81358 0.99815 0.62331 0.99363 0.92555 0.12064 0.6711 0.96047 0.99674 0.63796 0.97032 0.20648 0.95622 0.99732 0.44175 0.94611 0.47773 0.8962 0.3247 0.99498 0.31683 0.98982 0.98558 0.96227 0.98723 0.99846 0.3931 0.56203 0.3761 0.95407 0.86809 0.97923 0.79175 0.2046 0.36427 0.9708 0.70807 0.36664 0.12011 0.79641 0.80339 0.94696 0.87719 0.20078 0.4915 0.65666 0.36055 0.51086 0.65619 0.32873 0.85041 0.97704 0.52768 0.45127 0.99889 0.723 0.94635 0.99105 0.99981 0.99603 0.9998 0.99956 0.86862 0.98234 0.99358 0.9825 0.9102 0.86191 0.89604 0.75584 0.74569 0.9977 0.89858 0.9948 0.4296 0.92015 0.58044 0.3541 0.95385 0.6912 0.9994 0.67068 0.47632 0.58803 0.82896 0.32802 0.52796 0.41743 0.95805 0.62747 0.9475 0.36365 0.99851 0.95029 0.89108 0.97652 0.99108 0.54525 0.9978 0.92444 0.41614 0.88644 0.94843 0.96067 0.98272 1 0.29117 0.57112 0.27551 0.6301 0.63569 0.96588 0.37115 0.99999 0.83744 0.37055 0.079686 0.77861 0.64254 0.32534 0.81485 0.86388 0.94007 0.7076 0.76436 0.9693 0.84427 1 0.90027 0.97152 0.77613 0.91579 0.52777 0.86848 0.75802 0.99081 0.95812 0.97261 0.90132 0.67103 0.99955 0.035442 0.99653 0.93724 0.96553 0.53888 0.4136 0.4092 0.85031 0.99036 0.62482 0.50953 0.62927 0.43402 0.97369 0.20397 0.95876 0.53716 0.7919 0.96278 0.99642 0.82881 0.37071 0.76332 0.42202 0.83209 0.99985 0.16075 0.95306 0.8873 0.44361 0.78806 0.92843 0.98615 0.90098 0.37167 0.18284 0.97897
0.4372 0.9818 0.57968 0.64806 0.96343 0.88449 0.96627 0.98456 0.65782 0.97873 0.94662 0.46824 0 0.939 0.76176 0.72299 0.90307 0.89689 0.98608 0.38982 0.99884 0.93241 0.56389 0.98197 0.48087 0.99385 0.9022 0.55964 0.9917 0.93797 0.75212 0.62693 0.99825 0.92613 0.98055 0.87591 0.93277 0.84016 0.43766 0.57816 0.92143 0.5678 0.39328 0.49324 0.45492 0.89852 0.98883 0.77643 0.9533 0.45948 0.76934 0.92909 0.61243 0.58479 0.64295 0.87138 0.78859 0.99385 0.65493 0.81204 0.5539 0.6799 0.69491 0.30383 0.86758 0.60157 0.38076 0.66758 0.99999 0.1702 0.24891 0.74817 0.15034 0.80971 0.97755 0.44177 0.94722 0.37783 0.86166 0.93445 0.96883 0.84786 0.85845 0.88491 0.19824 0.97348 0.49059 0.89663 0.79617 0.50035 0.96998 0.44317 0.41285 0.98713 0.97169 0.88291 0.90866 0.99748 0.98259 0.66083 0.97228 1 0.9633 0.97048 0.8762 0.39594 0.41487 0.76022 0.99691 0.72815 0.7734 0.95373 0.33064 0.85563 0.87241 0.86328 0.94743 0.73737 0.83459 0.88676 0.93794 0.91081 0.28052 0.53979 0.98525 0.96823 0.76762 0.92767 0.98574 0.98383 0.91827 0.31027 0.85722 0.9763 0.98421 0.44294 0.74065 0.37803 0.64195 0.99385 0.61504 0.93512 0.48754 0.5615 0.9915 0.99973 0.99905 0.58961 0.75512 0.39999 0.4114 0.9778 0.77126 0.92412 0.99385 0.99535 0.50351 0.74672 0.99993 0.9365 0.99957 1 0.44979 0.96354 0.92617 0.63103 0.45434 0.97606 0.79344 0.6727 0.99556 0.65654 0.97956 0.94908 0.50075 0.9813 0.70334 0.36081 0.99887 0.56978 0.89488 0.46063 0.99266 0.98051 0.61443 0.35141 0.95006 0.9644 0.62798 0.92019 0.96345 0.91074 0.97219 0.9934 0.99412 0.88468 0.87002 0.91725 0.82723 0.76722
0.69153 0.86008 0.98656 0.99978 0.95759 0.98401 0.90111 0.99345 0.80012 0.95325 0.92674 0.15275 0.939 0 0.75444 0.97405 0.71562 0.79621 0.92016 0.33231 0.94421 0.70325 0.19523 0.97457 0.78569 0.84327 0.37842 0.92829 0.66464 0.81946 0.98474 0.49703 0.98206 0.91036 0.92305 0.2032 0.98961 0.69008 0.98123 0.85717 0.21492 0.47149 0.96773 0.4466 0.33467 0.98678 0.33459 0.55982 0.98431 0.99683 0.65264 0.99573 0.98431 0.40429 0.87988 0.52152 0.88187 0.98829 0.76894 0.99457 0.0226 0.8012 0.43836 0.28438 0.98685 0.94359 0.93126 0.99561 0.56573 0.86858 0.15088 0.99193 0.45388 0.95218 0.76156 0.68929 0.44552 0.59389 0.99083 0.91992 0.99903 0.9952 0.78763 0.97021 0.15074 0.52003 0.90911 0.049029 0.99936 0.94706 0.15317 0.84557 0.95999 0.20311 0.79535 0.86176 0.34042 0.022392 0.98547 0.07377 0.95916 0.81978 0.84161 0.86719 0.38108 0.34343 0.99514 0.88173 0.81838 0.98249 0.82078 0.68138 0.75881 0.63394 0.72098 0.81865 0.99461 0.8728 0.97524 0.67644 0.86656 0.95516 0.99862 0.86596 0.42005 0.044985 0.80873 0.24634 0.78456 0.28514 0.99833 0.98168 0.99997 0.72945 0.56402 0.20777 0.44588 0.99992 0.9182 0.33555 0.73399 0.50115 0.038562 0.88556 0.41799 0.99548 0.93195 0.9765 0.74741 0.95804 0.18529 0.65528 0.8946 0.49383 0.99599 0.94844 0.80608 0.9503 0.94971 0.92658 0.92396 0.83125 0.94244 0.93952 0.82765 0.96908 0.15046 0.96134 0.99998 0.60826 0.98182 0.85885 0.11546 0.99874 0.99573 0.99698 0.28977 0.82421 0.79367 0.99013 0.92645 0.9836 0.27688 0.9958 0.77701 0.80825 0.99319 0.99826 0.93745 0.45317 0.49924 0.80234 0.99764 0.37578 0.21441 0.69892 0.63304 0.50794 0.37793 0.73171
0.72905 0.63888 0.98273 0.55331 0.99281 0.94835 0.48212 0.25919 0.8372 0.88159 0.70642 0.97842 0.76176 0.75444 0 0.84947 0.38275 0.93279 0.29275 0.52953 0.99854 0.74343 0.13483 0.83467 0.58923 0.95827 0.95642 0.80766 0.82167 0.9017 0.15186 0.65546 0.94862 0.87987 0.91187 0.76078 0.11266 0.88143 0.95636 0.84342 0.87654 0.9674 0.61697 0.97688 0.95621 0.75682 0.99809 0.88454 0.98618 0.97653 0.99607 0.91043 0.99997 0.37277 0.99915 0.85754 0.99589 0.98955 0.83878 0.8616 0.84007 0.075897 0.8515 0.93426 0.77734 0.75245 0.90581 0.84156 0.81859 0.73636 0.38956 0.98355 0.83594 0.89 0.98399 0.9874 0.99999 0.96432 0.99597 0.96365 0.98056 0.75416 0.70716 0.37569 0.8184 0.94886 0.69638 0.97971 0.68312 0.96819 0.97357 0.8144 0.9179 0.97571 0.75328 0.95484 0.95968 0.95591 0.74702 0.77042 0.91735 0.54248 0.72847 0.54614 0.64674 0.97773 0.98987 0.95039 0.9564 0.83237 0.93355 0.83249 0.48533 0.9985 0.32131 0.64781 0.24285 0.83021 0.45869 0.99879 0.87007 0.95472 0.93306 0.95272 0.9778 0.94575 0.98499 0.45628 0.93441 0.92134 0.75499 0.98967 0.87908 0.77583 0.89726 0.21362 0.62332 0.71653 0.98934 0.82064 0.99594 0.27873 0.9517 0.26282 0.81151 0.19592 0.96637 0.94625 0.7013 0.66535 0.49001 0.92682 0.69726 0.89335 0.93732 0.38634 0.63447 0.92998 0.10805 0.67605 0.99971 0.76357 0.78709 0.78841 0.65284 0.66737 0.99904 0.90621 0.75202 0.55187 0.62433 0.71483 0.78022 0.88367 0.99262 0.99924 0.91534 0.16906 0.84513 0.17294 0.059019 0.19557 0.96375 0.87684 0.76012 0.99791 1 0.43329 0.98461 0.46139 0.99719 0.84017 0.99001 0.96247 0.60859 0.5437 0.98135 0.49353 0.84049 0.78614
0.92493 0.63877 0.36305 0.90079 0.77359 0.99152 0.85106 0.92374 0.59356 0.99991 0.8148 0.74274 0.72299 0.97405 0.84947 0 0.98476 0.3958 0.55096 0.72916 0.99567 0.78951 0.43647 0.92281 0.96911 0.76871 0.98419 0.15205 0.50478 0.57704 0.76062 0.79666 0.99894 0.18135 0.55044 0.94485 0.49166 0.23849 0.52293 0.55026 0.98976 0.54504 0.99718 0.8787 0.92857 0.81345 0.95317 0.99795 0.97444 0.72604 0.24327 0.9767 0.96017 0.88253 0.64716 0.84693 0.95626 0.852 0.64408 0.99732 0.6161 0.25215 0.98201 0.99155 0.98425 0.76583 0.70254 0.99316 1 0.99999 0.35764 0.93623 0.984 0.66612 0.59408 0.62818 0.97106 0.99953 0.64226 0.24134 0.98628 0.56931 0.42337 0.95174 0.21486 0.96981 0.95864 0.58693 0.96438 0.17583 0.82538 0.52208 0.3213 0.87504 0.94722 0.99925 0.96007 0.9919 0.41301 0.54948 0.28234 0.79544 0.95271 0.99564 0.21241 0.73412 0.21966 0.95936 0.51855 0.95219 0.9375 0.79424 0.88671 0.55877 0.83063 0.9991 0.90683 0.58904 0.58101 0.28193 0.54748 0.91454 0.95526 0.72947 0.70056 0.99898 0.8509 0.986 0.7966 0.96591 0.33014 0.90976 0.45368 0.82731 0.86043 0.94312 0.99206 0.8251 0.73982 0.94731 0.98892 0.89084 0.98506 0.90369 0.99797 0.93439 0.76471 0.99334 0.98664 0.60921 0.70051 0.93794 0.64575 0.99589 0.42566 0.61437 0.85444 0.99912 0.66956 0.34457 0.98845 0.99952 0.61387 0.99538 0.20423 0.89504 0.96837 0.88184 0.52869 0.89445 0.69059 0.95095 0.99515 0.81451 0.86973 0.5627 0.79732 0.73001 0.99493 0.80491 0.91686 0.97508 0.36024 0.99082 0.82917 0.40139 0.46213 0.49034 0.99423 0.94834 0.27468 0.06061 0.99915 0.42362 0.98465 0.7935 0.75085 0.71175 0.96151 0.402
0.89373 0.9527 0.97759 0.74793 0.46979 0.54618 0.60906 0.73187 0.9787 0.18161 0.96846 0.40698 0.90307 0.71562 0.38275 0.98476 0 0.32197 0.15141 0.76232 0.87533 0.86283 0.91276 0.99443 0.95175 0.43263 0.8675 0.88524 0.11873 0.23229 0.98154 0.86034 0.92552 0.59178 0.90353 0.92484 0.91263 0.83629 0.63608 0.69352 0.26154 0.33934 0.79661 0.99802 0.75987 0.99533 0.43921 0.79652 0.99265 0.69858 0.50898 0.83103 0.57545 0.95684 0.33993 0.99047 0.085794 0.89624 0.88821 0.99968 0.98304 0.90764 0.5139 0.96814 0.69257 0.80533 0.72797 0.97114 0.82674 0.49354 0.99578 0.92508 0.97285 0.96411 0.78245 0.30004 0.89392 0.97132 0.97049 0.99925 0.25979 0.57653 0.9918 0.98228 0.99947 0.98644 0.83952 0.96744 0.99339 0.90911 0.36027 0.33657 0.55626 0.93459 0.64757 0.9991 0.96731 0.99876 0.77178 0.85444 0.45003 0.95459 0.69264 0.77378 0.92322 0.99736 0.99992 0.88114 0.67644 0.44118 0.99651 0.92624 0.86252 0.26297 0.6536 0.32441 0.81619 0.97951 0.303 0.99555 0.29727 0.85199 0.43829 0.99505 0.27974 0.99692 0.39943 0.99045 0.86802 0.97113 0.97962 0.98467 0.58645 0.81854 0.45608 0.53356 0.81161 0.40026 0.8935 0.89115 0.18663 0.89145 0.19561 0.82832 0.99953 0.48129 0.19391 0.38243 0.33399 0.22776 0.99818 0.36433 0.63678 0.99663 0.49713 0.76786 0.99912 0.53675 0.86085 0.89601 0.27413 0.67896 0.63493 0.98731 0.99811 0.38282 0.516 0.2569 0.65475 0.97955 0.9652 0.86735 0.99825 0.98972 0.98172 0.68845 0.94155 0.99441 0.57649 0.75862 0.86552 0.92764 0.37796 0.95038 0.96078 0.02625 0.78905 0.83289 0.77505 0.77121 0.90297 0.65404 0.96765 0.84072 0.61757 0.46361 0.84011 0.99776 0.96068 0.62779
0.97656 0.62379 0.66459 0.238 0.85663 0.95479 0.88013 0.83101 0.35023 0.92381 0.83795 0.43923 0.89689 0.79621 0.93279 0.3958 0.32197 0 0.95938 0.95653 0.9625 0.36253 0.40485 0.62557 0.0098267 0.76471 0.97533 0.60335 0.21163 0.83023 0.96084 0.27999 0.85005 0.64327 0.61726 0.85095 0.99973 0.99926 0.9295 0.73029 0.54068 0.45014 0.75417 0.89238 0.88785 0.94183 0.99863 0.6924 0.74716 0.99117 0.98607 0.09843 0.96786 0.58674 0.38949 0.66613 0.25012 0.97182 0.45224 0.99533 0.70153 0.49011 0.94121 0.88541 0.61076 0.92113 1 0.14085 0.74244 0.75746 0.64637 0.86555 0.85989 0.99416 0.88515 0.04207 0.45651 0.93395 0.69665 0.54857 0.7416 0.80533 0.25524 0.98319 0.9321 0.55251 0.77894 0.46766 0.83524 0.94176 0.66818 0.82931 0.59953 0.095217 0.99919 0.67026 0.80598 0.99151 0.16596 0.8022 0.56894 0.81859 0.718 0.9756 0.53825 0.99702 0.80584 0.7018 0.22188 0.69926 0.68097 0.6903 0.97848 0.97427 0.041941 0.93692 0.98555 0.72093 0.94852 0.82026 0.95783 0.91733 0.73943 0.87454 0.97235 0.16848 0.30343 0.79802 0.36966 0.97904 0.99129 0.21825 0.64124 0.68462 0.99008 0.85281 0.99883 0.73068 0.82524 0.91338 0.40198 0.9758 0.97117 0.92272 0.93496 0.37486 0.91355 0.2432 0.75342 0.7176 0.96277 0.59337 0.98799 0.58304 0.93966 0.91293 0.82912 0.89318 0.98666 0.39129 0.93394 0.90373 0.2425 0.78334 0.68791 0.057696 0.7545 0.97322 0.96827 0.9772 0.97976 0.2037 0.88246 0.81598 0.96083 0.25816 0.76281 0.43661 0.55 0.89895 0.61303 0.49499 0.22046 1.6539e-05 1 0.78571 0.93989 0.35772 0.97814 0.90099 0.57099 0.95149 0.42291 0.93711 0.99936 0.9925 0.58991 0.51788 0.91475 0.95038
0.86329 0.9397 0.83674 0.88863 0.93807 0.99744 0.96674 0.40979 0.99293 0.49713 0.61207 0.84195 0.98608 0.92016 0.29275 0.55096 0.15141 0.95938 0 0.31127 0.45673 0.85657 0.83048 0.54953 0.97409 0.84271 0.94305 0.71559 0.99948 0.42381 0.49863 0.99423 0.60362 0.9637 0.93067 0.41649 0.97474 0.61924 0.85855 0.044424 0.46732 0.80897 0.51613 0.96115 0.95551 0.95049 0.91071 0.9553 0.84186 0.81422 0.99932 0.10209 0.16185 0.97409 0.99972 0.88956 0.88249 0.74403 0.97546 0.45101 0.99963 0.66574 0.55777 0.98465 0.95133 0.46371 0.87434 0.96449 0.43498 0.23356 0.88757 0.36121 0.99925 0.30165 0.99357 0.97849 0.9691 0.77377 0.42181 0.96956 0.95716 0.73369 0.71952 0.8019 0.80038 0.9132 0.85653 0.69993 0.9499 0.7591 0.42255 0.96165 0.43989 0.99994 0.9998 0.47782 0.44751 0.58291 0.61948 0.70685 0.34519 0.58452 0.93126 0.57774 0.99613 0.24624 0.99596 0.86418 0.71087 0.7833 0.16264 0.46606 0.64196 0.9938 0.96292 0.49453 0.73793 0.45419 0.85317 0.9677 0.94909 0.85585 0.90668 0.94349 0.50909 0.82736 0.23134 0.32645 0.79601 0.35782 0.99925 0.99865 0.41473 0.30751 0.9784 0.88978 0.96119 0.78006 0.48266 0.50345 0.94013 0.98835 0.14278 0.95105 0.93578 0.88215 0.2958 0.78303 0.95439 0.99624 0.71085 0.97728 0.59545 0.3937 0.16521 0.72305 0.87799 0.9698 0.46677 0.81628 0.39125 0.1654 0.60449 0.61908 0.38948 0.79607 0.94421 0.93503 0.3724 0.17412 0.72716 0.67325 0.72475 0.99986 0.94388 0.96022 0.37772 0.75908 0.87498 0.98433 0.71926 0.97475 0.36971 0.95395 0.99964 0.98884 0.923 0.80224 0.56589 0.99203 0.73397 0.88005 0.50268 0.99232 0.73506 0.70398 0.99995 0.21329 0.72198 0.30448
0.99969 0.76134 0.90973 0.90888 0.97829 0.94062 0.87574 0.49656 0.97989 0.93832 0.61434 0.58871 0.38982 0.33231 0.52953 0.72916 0.76232 0.95653 0.31127 0 0.76476 0.96587 0.99892 0.32368 0.86574 0.62045 0.63641 0.79789 0.18093 0.96182 0.99692 0.45818 0.84131 0.66532 0.14405 0.95006 0.96442 0.94897 0.39099 0.80974 0.78441 0.4402 0.94381 0.99867 0.61194 0.97516 0.95476 0.25012 0.53414 0.91012 0.93485 0.85454 0.96588 0.99795 0.85934 0.71075 0.939 0.9414 0.88445 0.11511 0.81954 0.82307 0.52242 0.97421 0.94974 0.98102 0.5447 0.99963 0.863 0.43473 0.7913 0.67711 0.71942 0.4343 0.99782 0.94588 0.99014 0.95879 0.71127 0.80654 0.71455 0.81571 0.91333 0.97982 0.58668 0.65356 0.70448 0.90306 0.24628 0.99989 0.46299 0.87407 0.59535 0.66162 0.91944 0.78826 0.79207 0.99999 0.99644 0.80528 0.4886 0.80696 0.71994 0.89655 0.77516 0.69533 0.9735 0.85368 0.71659 0.88978 0.70484 0.99038 0.8787 0.31068 0.26527 0.90464 0.93991 0.99998 0.41551 0.81736 0.57515 0.98262 0.90894 0.96294 0.93524 0.99788 0.98951 0.31929 0.87265 0.49457 0.9951 0.75024 0.96849 0.99225 0.98543 0.78635 0.71596 0.99427 0.9953 0.20438 0.25481 0.63535 0.48783 0.61503 0.77049 0.80009 0.94136 0.96632 0.59862 0.58593 0.16002 0.86374 0.64989 0.24371 0.65228 0.93716 0.97954 0.12539 0.70953 0.99922 0.97461 0.92702 0.99271 0.98234 0.85501 0.36646 0.81867 0.62405 0.99006 0.9357 0.99983 0.93463 0.95788 0.96772 0.65998 0.95472 0.9679 0.97424 0.99912 0.26215 0.81968 0.92534 0.36502 0.95232 0.81098 0.5814 0.99975 0.95074 0.75647 0.99394 0.90494 0.87041 0.76179 0.49686 0.95359 0.87178 0.9857 0.95212 0.99088 0.92305
0.99128 0.58249 0.96425 0.33536 0.62306 0.5647 0.76372 0.15364 0.37165 0.76293 0.99964 0.26638 0.99884 0.94421 0.99854 0.99567 0.87533 0.9625 0.45673 0.76476 0 0.99991 0.44974 0.83396 0.5764 0.33734 0.9804 0.77596 0.85721 0.9426 0.99838 0.27348 0.99947 0.43799 0.53715 0.75066 0.86755 1 0.57365 0.99952 0.99439 0.94849 0.77793 0.96213 0.75251 0.60584 0.44265 0.86904 0.59237 0.99773 0.95651 0.99741 0.58448 0.4835 0.95087 0.34049 0.99097 0.55735 0.13963 0.49004 0.045086 0.51405 0.99813 0.74846 0.7238 0.99989 0.88715 0.97952 0.44019 0.46319 0.93685 0.89565 0.92212 0.98697 0.48759 0.84939 0.62677 0.78106 0.94488 0.89647 0.45559 0.65722 0.32339 0.96359 0.99505 0.86859 0.34638 0.95465 0.94279 0.98774 0.87371 0.6285 0.10199 0.98001 0.81979 0.9953 0.94754 0.99705 0.91728 0.85346 0.94486 0.72486 0.82905 0.46656 0.99581 0.99901 0.65274 0.8705 0.99973 0.99971 0.99258 0.83662 0.72289 0.9235 0.99395 0.90368 0.89823 0.73225 0.89687 0.63073 0.99323 0.6717 0.97662 0.9489 0.98326 0.63872 0.91848 0.38802 0.96654 0.51149 0.92209 0.0834 0.93621 0.74841 0.91689 0.9546 0.82981 0.43424 0.99931 0.99797 0.38812 0.93255 0.65023 0.89226 0.6247 0.99885 0.48338 0.88314 0.62605 0.74691 0.83554 0.44395 0.82031 0.97895 0.95003 0.68193 0.99966 0.23753 0.96978 0.78511 0.68204 0.93016 0.33891 0.98849 0.78177 0.32831 0.96014 0.47821 0.95819 0.6543 0.32383 0.67809 0.92544 0.09866 0.7527 0.9086 0.81495 0.99586 0.97815 0.99485 0.94761 0.649 0.73351 0.856 0.91712 0.95217 0.99719 0.99399 0.99991 0.99941 0.47311 0.8351 0.72865 0.80837 0.95749 0.9941 0.49672 0.74162 0.80139 0.3787
0.82142 0.96693 0.31637 0.96714 0.97984 0.81038 0.47461 0.71093 0.93948 0.98952 0.74192 0.95222 0.93241 0.70325 0.74343 0.78951 0.86283 0.36253 0.85657 0.96587 0.99991 0 0.93281 0.99506 0.74235 0.28935 1 0.92673 0.35715 0.87062 0.49705 0.64658 0.085114 0.98697 0.68309 0.47779 0.98648 0.76713 0.63798 0.46091 0.80284 0.65399 0.77708 0.88104 0.99918 0.81735 0.988 0.47355 0.99371 0.99937 0.29711 0.86347 0.98785 0.79546 0.98753 0.91774 0.19125 0.67334 0.34074 0.9826 0.99221 0.48948 0.18299 0.56505 0.44433 0.88542 0.13267 0.41394 0.83301 0.97805 0.52782 0.9818 0.97404 0.62634 0.99463 0.41032 0.99945 0.47324 0.44399 0.59904 0.60939 0.96107 0.3539 0.87658 0.48937 0.90658 0.82167 0.26838 0.76836 0.9785 0.6086 0.95841 0.63915 0.94168 0.91628 0.99887 0.54663 0.97198 0.74641 0.78297 0.88312 0.46017 0.82507 0.7916 0.48081 0.72979 0.86805 0.97433 0.99916 0.995 0.65472 0.96006 0.97778 0.69519 0.77277 0.33858 0.11829 0.95374 0.62993 0.79635 0.96508 0.65477 0.25901 0.77319 0.43613 0.86244 0.57128 0.97968 0.27809 0.61714 0.57394 0.99763 0.58535 0.83065 0.42216 0.23928 0.83819 0.98534 0.93491 0.97333 0.67199 0.21499 0.81367 0.90697 0.76717 0.98526 0.72198 0.53695 0.41569 0.82781 0.97321 0.99897 0.97829 0.81956 0.96426 0.8275 0.85253 0.76728 0.77721 0.21778 0.85835 0.80718 0.64789 0.98528 0.4936 0.99599 0.95756 0.89122 0.41691 0.32998 0.98574 0.78985 0.20862 0.27186 0.94835 0.90163 0.77582 0.99033 0.99718 0.3562 0.87568 0.80918 0.49479 0.57352 0.76822 0.51669 0.99308 0.77098 0.99599 0.92373 0.64627 0.13674 0.88918 0.62491 0.88257 0.86119 0.99304 0.85102 0.80048 0.86436
0.94829 0.96975 0.96517 0.95078 0.98535 0.58537 0.22273 0.61719 0.99593 0.10164 0.90627 0.81358 0.56389 0.19523 0.13483 0.43647 0.91276 0.40485 0.83048 0.99892 0.44974 0.93281 0 0.7647 0.97988 0.80688 0.83887 0.98463 0.99728 0.77777 0.89613 0.92276 0.41532 0.27933 0.98606 0.62126 0.85849 0.99369 0.88931 0.62403 0.87535 0.5817 0.74389 0.42328 0.87815 0.39459 0.98321 0.28142 0.6222 0.27287 0.97141 0.83066 0.77378 0.83258 0.71278 0.59847 0.39522 0.93479 0.47008 0.96633 0.39241 0.93963 0.79855 0.9676 0.82518 0.19947 0.6363 0.99991 0.56333 0.84265 0.8819 0.9393 0.82909 0.76069 0.98703 0.96961 0.98369 0.8135 0.6712 0.46748 0.38025 0.52869 0.95227 0.56893 0.42147 0.091833 0.94006 0.39441 0.1403 0.84552 0.97216 0.13637 0.59687 0.85719 0.99201 0.76073 0.41637 0.91755 0.37354 0.86827 0.50494 0.58437 0.6056 0.9398 0.70637 0.94939 0.73599 0.76231 0.98606 0.7745 0.56568 0.95898 0.068164 0.59642 0.32431 0.95722 0.12161 0.10927 0.55353 0.54804 0.196 0.99713 0.71702 0.92174 0.87918 0.97976 0.56114 0.19952 1 0.80994 0.2723 0.98763 0.99633 0.94525 0.81988 0.25885 0.96086 0.92645 0.99369 0.87552 0.36261 0.99719 0.20866 0.57633 0.90951 0.93477 0.44388 0.99888 0.24315 0.89635 0.89701 0.96049 0.70415 0.5616 0.46023 0.47654 0.67015 0.96459 0.3813 0.99263 0.99389 0.90858 0.8386 0.8852 0.90953 0.99476 0.49487 0.79394 0.87811 0.83769 0.38377 0.24987 0.9748 0.269 0.99759 0.99995 0.99999 0.52105 0.78924 0.01217 0.89151 0.89014 0.90674 0.10381 0.71839 0.82831 0.83535 0.63001 0.57051 0.99545 0.73 0.48166 0.78027 0.74029 0.65648 0.45866 0.8651 0.92225 0.65371 0.63163
0.76843 0.98088 0.40743 0.89194 0.99241 0.96473 0.97827 0.97572 0.91897 0.74448 0.96723 0.99815 0.98197 0.97457 0.83467 0.92281 0.99443 0.62557 0.54953 0.32368 0.83396 0.99506 0.7647 0 0.93402 0.90851 0.99643 0.63991 0.41541 0.99989 0.85629 0.93731 0.99112 0.44027 0.98113 0.87747 0.99633 0.90447 0.82629 0.76223 0.79289 0.3929 0.97863 0.87168 0.96279 0.12799 0.69824 0.99704 0.99949 0.29365 0.98776 0.67934 0.65732 0.47372 0.58189 0.58974 0.99922 0.92217 0.80235 0.94967 0.97623 0.59533 0.79233 0.78326 0.20452 0.75238 0.6638 0.65977 0.80184 0.86745 0.53302 0.42988 0.92435 0.97154 0.90031 0.53159 0.34214 0.47384 0.98231 0.94056 0.594 0.99535 0.45032 0.93859 0.98783 0.26007 0.92888 0.79634 0.99453 0.51911 0.99958 0.21122 0.91695 0.85092 0.94784 0.98399 0.71494 0.84796 0.91733 0.79358 0.61679 0.67058 0.87383 0.97404 0.6735 0.91454 0.96732 0.68467 0.048657 0.9994 0.65139 0.8881 0.50817 0.65155 0.38003 0.99602 0.97099 0.99206 0.91445 0.25507 0.86864 0.17516 0.91541 0.66503 0.77223 0.99993 0.96833 0.59617 0.94228 0.89488 0.63924 0.44559 0.99549 0.69212 0.30548 0.99183 0.87418 0.68882 0.59639 0.60516 0.5351 0.74358 0.79441 0.29554 0.9796 0.74757 0.79343 0.76742 0.94401 0.80938 0.9999 0.99023 0.92697 0.84257 0.81502 0.57232 0.9628 0.97592 0.99051 0.88964 0.99741 0.99927 0.98558 0.9798 0.9966 0.94167 0.99871 0.37171 0.96028 0.91099 0.99245 0.90547 0.97821 0.9998 0.76304 0.87899 0.99913 0.98681 0.97574 0.36208 0.4876 0.1799 0.84719 0.25562 0.86113 0.6967 0.99582 0.9896 0.33404 0.53778 0.9145 0.96673 0.78296 0.61984 0.92304 0.88789 0.22035 0.74008 0.80923 0.78701
0.42406 0.86841 0.92426 0.99794 0.88387 0.58912 0.47522 0.86686 0.93487 0.87679 0.32021 0.62331 0.48087 0.78569 0.58923 0.96911 0.95175 0.0098267 0.97409 0.86574 0.5764 0.74235 0.97988 0.93402 0 0.98221 0.72094 0.37033 0.3633 0.7273 0.6711 0.92003 0.99963 0.70864 0.78319 0.17119 0.86915 0.68316 0.27047 0.2285 0.99762 0.04182 0.97971 0.99991 0.58328 0.87493 0.9971 0.10748 0.70168 0.60365 0.96515 0.77359 0.95692 0.90735 0.90815 0.31296 0.99879 0.8901 0.99278 0.89678 0.97516 0.89225 0.77708 0.54861 0.84906 0.97492 0.9212 0.56628 0.94339 0.25863 0.98943 0.15862 0.23721 0.97622 0.64771 0.83261 0.75766 0.82958 0.84144 0.62484 0.83436 0.29315 0.96361 0.81463 0.94492 0.58156 0.3816 0.57081 0.85678 0.33997 0.99315 0.37465 0.73592 0.82815 0.95687 0.57913 0.62235 0.93663 0.74095 0.93954 0.99789 0.38254 0.95039 0.90983 0.99821 0.33873 0.95804 0.99632 0.97111 0.80895 0.35935 0.99465 0.94813 0.88026 0.59811 0.9994 0.84191 0.99306 0.99002 0.82542 0.99967 0.9735 0.83467 0.91833 0.86734 0.64699 0.99346 0.96169 0.16162 0.80557 0.32325 0.95368 0.72198 0.86465 0.95568 0.81817 0.83071 0.77644 0.74599 0.99037 0.99885 0.96136 0.99034 0.99697 0.62989 0.60434 0.363 0.39164 0.94322 0.9817 0.98742 0.95741 0.77498 1 0.81715 0.82165 0.97136 0.25311 0.22039 0.99749 0.65861 0.92373 0.98624 0.85456 0.50727 0.94051 0.90803 0.92877 0.61443 0.99544 0.68866 0.31326 0.61832 0.77533 0.79311 0.99784 0.43689 0.81259 0.17284 0.71256 0.99893 0.14976 0.56403 0.65336 0.83159 0.99434 0.96864 0.91643 0.94301 0.96141 0.95897 0.6342 0.88218 0.96498 0.19278 0.92775 0.9922 0.96146 0.63931 0.57611
