200
1 0.0063714 0.00043072 0.010007 0.00058833 0.00030757 0.0078038 0.0020634 0.045863 1.7874e-05 0.010091 0.0043243 0.04346 0.012337 0.042896 0.00069153 0.00070846 0.00085183 0.00070599 0.0056187 8.3929e-05 0.0032424 0.0033956 0.00015499 0.062616 0.087028 0.0053875 0.012502 0.00014396 0.0083864 0.038265 0.010159 0.010449 0.0056323 0.014092 0.001702 0.017616 0.012642 0.0076254 0.015317 0.0021763 0.045169 0.0090329 0.004706 0.0010587 0.00010314 0.019299 0.0026725 0.0030877 0.015654 0.025508 0.018562 0.017695 0.001197 0.014571 0.057802 0.0050242 0.0021881 0.0025776 0.045432 0.004776 0.028766 0.008063 0.0082877 0.010356 0.049318 0.032506 0.12106 0.00067949 0.016844 0.0023346 0.010772 0.0052276 0.0056885 0.0011298 0.0014574 0.014368 0.054431 0.0034694 0.030662 0.0010815 0.035397 0.011661 0.0011035 0.00049174 0.041574 0.0046582 0.016063 0.0017144 0.00030189 8.4462e-05 6.2309e-05 0.015105 0.0041273 0.0037102 0.0035593 0.00179 0.003012 0.0018836 9.0353e-05 0.0072444 0.0011716 0.013731 0.0013269 0.040782 0.0136 2.8805e-05 0.00037196 0.0016058 4.651e-05 0.0074736 0.019873 0.0012241 1.2163e-05 0.048458 0.014842 0.00015983 0.008466 0.008064 0.004394 0.00092169 0.067865 0.0012839 0.006157 0.043182 0.00016055 0.00036187 0.025183 0.0037096 0.0089478 0.0073392 0.0059083 0.006686 0.019043 0.099621 0.044922 0.0048972 0.00066643 0.052412 6.7322e-07 0.00095968 0.023355 0.012599 0.0019747 1.0963e-05 0.022893 0.021493 0.02034 0.030966 0.00059307 0.025962 0.096799 0.025016 0.039837 0.0048236 0.016124 0.0080625 0.0076271 0.021604 1.232e-06 0.019729 0.010553 0.0033745 0.0011983 0.00018834 3.8493e-05 0.001107 0.0098327 0.051009 5.1884e-05 0.021095 0.018749 0.038463 0.018642 0.0034879 4.0561e-05 0.0055198 0.0016724 0.0018178 0.0012972 0.0039235 0.0047426 0.0056331 0.010995 0.0039425 0.0086013 0.014479 0.01203 0.0017364 0.016589 0.002344 0.0024657 0.0034298 0.0069689 0.014658 0.021758 0.051893 0.027456 0.0036891 0.017976
0.0063714 1 0.00044026 0.005658 0.012496 0.020353 0.00070436 0.027359 0.0011117 1.411e-05 0.035154 0.0018577 0.00069961 0.004045 0.0082673 0.0061213 0.061243 0.00169 0.0059839 0.0012215 0.045337 0.022619 0.0040356 0.0027963 0.00034686 0.001419 0.068264 0.011543 0.037686 9.1625e-05 5.5766e-05 0.030469 0.0016976 0.0041234 0.00044672 0.022419 0.0083079 0.0034017 0.00056451 0.029763 0.0060818 0.094061 0.06971 2.0521e-05 0.030872 0.025675 0.00099873 0.00014379 0.00198 0.039846 5.292e-05 0.0017389 2.3405e-05 0.0039368 0.0079383 0.02145 0.0023076 0.00060349 0.0069691 0.0093708 0.013876 0.00013234 0.0063833 0.00015379 0.00076249 0.00027415 0.0034936 0.0074918 0.0003563 0.024322 0.004998 0.0088309 0.040907 0.029525 0.00027422 0.034595 0.049146 0.0029413 7.4356e-05 0.012364 0.032362 0.018969 8.6774e-06 0.0071366 0.07768 0.0097764 0.0051983 0.0038015 0.024056 0.00010036 0.023272 0.030563 0.040639 0.015539 0.011294 0.0069482 0.0082051 0.0012798 7.1621e-05 0.0013066 0.092266 0.052305 0.056641 0.019963 0.010324 0.00059114 0.035856 0.0026219 0.016937 0.027062 1.7177e-05 0.0012206 0.00095624 0.00049126 0.18409 0.030592 2.2158e-05 0.084318 0.0029881 0.0017624 0.0067957 0.068686 0.016722 0.02909 0.014363 0.023154 0.0012409 0.0018434 0.0015563 0.01534 0.020752 0.024034 0.0026326 0.0010008 0.063023 7.655e-05 0.021325 0.00055938 0.0034607 0.012254 0.00081807 0.019866 0.0042574 0.0094829 0.00051506 0.00016357 0.0234 0.00041474 0.010582 0.00090568 0.0054032 0.00013599 0.024016 0.052208 0.021824 0.00066574 0.034738 0.011153 0.0089943 0.011363 0.00069841 0.0002714 0.00060095 0.011315 0.072805 0.00037052 0.021734 0.033862 0.05305 0.0057939 0.081399 0.015795 0.00054154 0.0049507 0.032397 0.0022988 0.030433 0.0012326 0.019068 7.3687e-05 0.0027808 0.0026379 0.0028133 0.010709 0.002774 0.012907 5.2493e-05 0.0028922 0.011923 0.005937 0.00041438 0.0012691 0.059356 0.023107 0.0048401 0.00011501 0.046906 0.081894 0.0083961 0.00060035
0.00043072 0.00044026 1 0.004385 0.010241 0.030177 0.010259 0.012681 0.0060741 0.0002053 0.011151 0.001572 0.022619 0.00039187 0.00074316 0.030794 0.018022 0.0052924 0.0043619 0.0075744 0.077188 0.00048855 0.0036731 0.0028433 0.019039 0.055044 0.033245 0.00079657 0.017957 0.0044918 0.0036414 0.0005001 0.0054271 0.0052901 8.9295e-05 0.0055698 0.011794 0.012439 0.013846 0.000755 0.0011324 0.0016713 0.00026411 0.017489 0.026352 0.0028551 0.00023422 0.00052328 0.0078836 0.032167 0.00032027 0.00069442 0.0068085 0.0092473 0.0057409 0.00064178 0.06443 0.086692 0.014994 0.0055729 0.0064611 0.0055924 0.017409 0.013321 0.045998 1.7154e-05 0.0089696 0.02188 0.0065084 0.00055985 0.0067978 0.00041128 0.012445 6.7106e-06 0.0069312 0.00038453 0.0010149 1.4911e-05 0.0019807 0.0061334 0.0007187 0.0075603 0.02319 6.4524e-05 0.00081476 0.00085137 0.053278 0.0098107 0.070658 0.00033339 0.0095166 0.033208 0.065328 0.0048137 0.014751 1.9669e-05 0.0048332 0.00042327 0.010657 0.0039163 0.026427 0.097675 0.0068442 0.0026345 0.065021 0.00559 0.0037964 0.0028917 0.032799 0.091224 0.012709 0.014103 0.0016386 0.0008031 0.081381 0.0037285 0.022466 0.0090884 0.08588 0.0006647 0.097402 0.008312 0.0014333 0.028987 0.0082875 0.0018937 0.027769 0.017528 0.086302 0.0051143 0.0014165 0.066677 0.0021732 0.00012276 0.042365 0.085688 0.012511 0.00025145 0.00029262 0.010201 0.041159 0.022089 0.00073374 0.027078 3.7051e-05 0.037733 0.031849 0.00026318 5.2267e-06 0.0030386 0.022091 0.00058485 0.00098067 0.0064991 0.00017029 5.7762e-06 0.032051 0.014571 0.0034299 0.0035014 0.00096185 0.023025 0.00039873 0.0030936 0.00028404 0.0048036 0.038194 0.016088 0.00088902 0.013871 0.022179 0.00070637 0.010825 0.0058775 1.8434e-05 0.0081899 0.025596 0.0052992 0.0020735 0.00039364 0.0023785 0.036973 0.0023238 0.061881 0.031834 0.013839 0.061591 0.0031567 0.0016804 6.0518e-05 0.006011 0.009013 0.024454 0.0002168 0.0079454 0.01102 2.9834e-06 0.0020991 0.0088928 0.029444
0.010007 0.005658 0.004385 1 0.011993 0.028958 0.0096264 0.0064058 0.040606 0.0023038 0.0027466 4.2727e-05 0.0021581 0.018992 0.014385 0.075991 0.027264 0.009314 0.0074116 0.0041116 0.010929 0.0079586 4.859e-06 0.0041043 0.0046806 0.023503 0.0033384 0.0049435 0.077357 0.013254 0.021429 0.00068907 0.065742 0.0010054 0.029795 0.00012601 0.0094068 0.00015781 0.029577 0.0099246 0.0085019 0.043769 0.012043 0.007069 0.015895 0.020764 0.004395 6.4451e-05 0.017147 0.0027759 0.014854 0.024448 0.0042462 0.055895 0.0030751 0.0017194 2.2984e-08 0.0056285 0.0022843 0.00055082 0.0013078 0.00076742 0.0011428 0.0012894 0.088784 0.015078 0.00015095 0.0054747 0.0037195 0.0045086 0.0026167 0.0021781 0.015299 0.022596 0.025493 0.010081 0.0017991 0.029766 0.046889 0.015446 0.013996 0.0023086 0.03796 0.0095243 0.00031055 0.029431 0.00917 0.0052692 0.012444 0.0031747 0.00031552 0.0094076 0.01028 0.066264 0.0052793 0.00063203 0.03735 0.0038024 0.0057385 0.00024915 0.01297 0.0022724 0.026042 0.0038127 0.0077523 0.0066006 0.014262 0.0044857 0.0075013 0.0040767 0.0013042 0.0057127 5.9324e-07 0.033971 0.0032864 0.041995 0.029807 0.00054813 0.10383 0.0034027 0.0059201 0.0030226 0.0072538 0.011379 0.06008 0.0035482 0.049163 0.0016388 0.016194 0.0044723 0.00036849 0.0047126 0.015368 0.013649 0.034573 6.9818e-05 0.032651 0.066774 0.010908 0.00054753 0.0097149 0.0061911 0.0064068 0.01946 0.0011877 0.0013406 0.037342 0.0062941 0.00011607 0.013327 0.019912 0.011585 0.030907 8.8524e-05 0.0014141 0.0031802 0.014658 0.011049 0.0068233 0.02036 0.0018985 0.031116 0.0001099 0.0009594 0.016672 0.028235 0.077226 0.016988 0.036026 0.036309 0.038961 0.0022672 0.035617 0.0029226 0.0028471 0.00037607 0.0015112 0.01948 0.0093663 0.0014975 0.0043905 0.010915 3.8064e-05 0.0071062 0.03333 0.0049661 5.613e-06 0.024464 0.004892 0.0015944 0.026718 0.012949 0.0023923 0.019806 0.0015837 0.072182 0.025053 0.0070045 0.00067763 0.0066155
0.00058833 0.012496 0.010241 0.011993 1 0.0079496 0.016489 0.045503 0.024812 0.00051987 1.8877e-05 0.0016717 0.0069165 0.013691 0.055648 0.00014819 0.0067123 0.0025616 0.0059756 0.0005705 0.0010942 0.00046951 0.012257 0.00027641 4.0064e-05 0.001059 0.01486 0.0059599 0.046756 0.02167 0.00098956 0.017205 0.0019859 0.0091726 0.016674 0.11382 0.090087 0.054202 0.00032805 0.017329 0.012407 0.0059894 0.028419 1.2615e-05 0.02377 1.0051e-05 0.019085 0.00021656 0.028395 0.015459 0.016378 0.055366 0.0020581 0.041028 7.5562e-05 3.7096e-05 0.0042048 0.005457 0.010798 0.050648 0.003206 0.00013553 0.0077214 0.030571 0.0062389 0.0055805 0.00061627 0.00038837 0.0027512 0.00031211 0.0056164 0.0041471 0.0029746 0.00228 0.00047811 0.018287 0.00229 0.0023578 0.0016836 0.0010071 0.0065551 0.00049641 0.10606 0.027575 0.0038329 0.00068403 0.025648 0.029461 0.0048042 0.0067115 0.0017911 0.011352 0.0035421 0.0041313 0.045332 0.03106 0.001658 0.0052114 0.0098994 0.010563 0.023855 0.00020444 0.00030943 0.045069 0.003578 0.0062292 0.10905 0.016997 0.010626 0.011462 0.00068706 0.010073 0.00072819 0.025058 0.0068076 0.0001889 0.015665 0.022173 0.025497 0.00022098 0.079331 5.8603e-05 0.034622 0.002953 0.0037166 0.024563 1.1634e-06 0.027811 0.0044086 0.0013614 0.0065135 0.0064839 0.029639 0.0010728 0.0076363 0.0016227 0.079747 0.11349 0.0029884 0.067817 0.0016269 0.0023147 0.010439 0.013795 0.0037694 6.3347e-06 0.042217 1.1946e-05 0.018705 0.011307 0.0058721 0.011938 0.0054609 0.02851 2.3497e-06 0.014594 0.044087 8.5989e-05 3.6031e-06 0.0053437 0.0032277 0.007068 0.00011694 0.0022794 4.1901e-06 0.00022145 0.0035669 0.10775 0.00034011 0.023847 0.0023131 0.0028153 0.043576 0.0046376 0.031255 0.00017792 0.014224 0.010118 0.032549 0.0086984 0.0054323 0.0015791 0.049251 0.005698 0.035083 0.0067794 0.0049682 0.018728 0.0073447 0.064656 0.025789 0.0010796 0.024826 0.031715 0.0017789 0.01277 0.016819 0.0098365 0.015641 0.016914
0.00030757 0.020353 0.030177 0.028958 0.0079496 1 0.03121 0.00012066 0.043806 0.00010266 0.0071446 0.0057718 0.0084099 0.095088 0.045577 0.0048093 0.014288 0.00054679 0.0038838 0.0074549 0.051588 0.017572 7.9725e-08 0.0017423 0.0033149 0.0076778 5.509e-05 0.0024777 0.00013726 0.008762 0.027677 0.0054683 0.00014291 0.041634 0.048614 0.0010932 0.013277 0.0019132 0.0056724 0.02059 8.5738e-07 0.00057834 0.0038187 0.10212 0.019428 4.1158e-05 0.0001025 0.0040195 0.0076877 0.00045574 0.00081207 0.14084 3.0484e-05 0.013286 0.0010511 0.0016739 0.074438 0.016386 0.00037976 0.00040689 5.3735e-05 0.058807 6.9439e-05 0.0018552 1.2311e-05 0.0060215 0.017584 0.016 0.0029765 0.00037161 0.0053437 0.002421 0.00054651 1.4464e-05 0.013146 0.0016361 0.023214 6.4018e-05 0.02429 0.0053858 0.0036469 0.014079 0.065531 0.0043122 0.0088461 0.0035987 0.0013177 0.0022453 0.018567 0.00014505 0.03605 0.01455 0.00069986 0.0018637 0.011552 0.029645 0.0014152 0.027937 0.0083934 0.00056085 0.00018514 0.0048423 0.0058952 0.00056699 0.00015127 0.02388 0.0010385 0.006803 0.022612 0.021212 0.0010401 0.0039303 0.0004107 0.00098775 0.0021627 0.00050464 0.0048625 0.029325 0.012066 6.9343e-05 0.0087832 0.012668 0.026563 0.013526 0.054147 0.057969 0.023595 0.014637 0.00032541 0.019158 0.030966 0.0097017 0.035541 0.0036154 0.00080439 0.044323 3.6939e-05 0.030172 0.005164 0.0025955 0.037115 0.0058432 0.00064853 0.028079 0.00035011 0.014328 0.0043888 0.0016285 0.01408 0.053131 0.037333 0.0023583 0.011575 0.015104 0.00031844 5.7289e-05 0.0013343 0.014151 0.00027298 0.00014914 0.0025302 0.0014368 0.0020539 0.026417 0.004412 0.001874 0.0025414 0.022109 0.038571 0.0023431 0.046494 0.03405 0.030642 0.0093823 0.0059181 0.0019804 0.019208 0.026487 4.9677e-05 0.0022845 0.003252 0.01617 0.031654 0.00030323 0.0065473 0.011094 0.0056854 0.0038429 0.015617 0.001188 0.0014554 0.047967 0.021472 0.00065104 0.0070158 0.0078893 0.00017237 0.043956 0.0018804 0.011679
0.0078038 0.00070436 0.010259 0.0096264 0.016489 0.03121 1 0.0032806 0.010421 0.011772 0.011183 0.00092569 7.5018e-05 0.005021 0.0032794 4.2391e-06 0.01592 0.001354 0.050975 0.00042645 0.00063133 0.004379 0.037094 0.0059928 0.0042617 0.03651 0.0034236 0.049722 0.0049062 0.0017369 0.018773 0.0065939 0.035695 0.10833 0.020909 0.015236 0.0077259 5.069e-09 0.012915 0.031982 0.007149 0.025751 0.019585 0.0039799 0.0035293 0.0057801 0.012668 0.00092426 0.00013035 0.14349 0.007936 0.0035298 0.0060003 0.00016672 0.013379 0.0031309 0.066216 0.035745 0.0031389 0.021215 0.018374 0.00026454 5.2403e-05 0.0059777 0.050126 0.002771 0.049285 0.0079787 0.0013826 0.0075105 0.0010756 0.017551 0.011495 0.00012922 0.012449 0.00033519 0.00054689 3.5493e-05 0.02229 0.0040015 0.024296 0.014504 0.015031 0.012465 0.07531 0.0071556 0.015223 0.011128 0.0013858 0.0034708 0.081049 0.0005223 0.0010012 0.0029267 0.036158 0.0030398 0.0070418 0.048035 0.011338 0.0059227 0.00023122 0.044592 0.0023353 0.058677 0.010073 0.074435 4.0954e-05 0.0037285 0.00094835 0.0030262 0.015008 0.00020883 0.011996 0.00063947 0.0032632 0.0047262 1.2814e-06 0.015501 0.0054425 0.0017003 2.5902e-06 0.0024049 0.036643 0.0012236 0.0007375 0.018906 0.063031 0.019376 0.0014075 0.059608 0.014299 0.0074069 0.0026599 0.0021711 0.014388 0.031311 0.00042314 0.001805 0.015947 0.00034115 0.085638 0.0027231 0.0034901 0.013514 0.00054643 0.063265 0.0014199 0.035947 0.0092169 0.0015121 0.06622 2.8551e-05 0.010588 0.0066398 0.0076908 0.00045138 0.083256 0.080831 0.015601 0.0038578 0.06133 0.0039284 0.0014542 0.024827 0.01633 0.0016005 0.08717 0.0012607 0.036493 0.009728 0.0026642 0.0099667 0.0067021 0.0097349 0.014744 0.0014246 0.0067276 0.0011723 0.016051 0.0013219 0.015205 0.02896 0.014372 0.010223 0.0082757 0.023334 0.00014715 0.00084117 0.00032861 0.0013799 0.017 3.821e-05 0.002451 0.01302 0.026102 0.013117 0.021675 0.0015139 0.0059381 0.013879
0.0020634 0.027359 0.012681 0.0064058 0.045503 0.00012066 0.0032806 1 0.010382 0.0036673 0.0061515 0.009783 0.0065599 0.02324 9.1536e-05 0.0045092 0.0067242 0.00060926 0.0039157 0.0021463 0.0054694 0.030904 0.0046359 0.0046001 0.0017558 1.5743e-05 0.0070578 0.014996 0.0060441 0.0004638 0.0046911 0.065114 0.0084262 0.076997 0.012537 0.014419 0.087681 0.014182 0.0085427 0.016237 0.019257 0.0061956 0.030354 0.028417 0.044577 9.8975e-05 6.6672e-06 9.7055e-06 0.00024016 0.035915 0.007742 0.012442 0.037482 0.0016345 0.0084436 0.011917 0.024674 0.010596 0.00034408 0.086679 3.7079e-05 0.0015022 0.008241 0.0030637 0.0027456 0.00073221 0.00068643 0.068243 0.014091 0.0073995 0.002651 0.0006378 0.00070531 0.017674 0.021643 0.033565 0.02504 0.0093898 0.00092683 0.007372 0.010018 0.00029526 0.021185 0.0081693 0.0090801 2.456e-05 0.0019665 8.9238e-05 0.021814 0.00094517 0.017022 0.031203 0.00091026 0.01678 0.0053803 0.0099 0.0041721 0.0054225 0.0045657 0.0038953 0.024768 0.0098166 0.036558 0.00941 0.012584 0.010954 1.1225e-05 0.0057937 0.047468 0.0044723 0.00029613 0.02261 0.0018967 0.0065339 0.0087739 0.0019998 0.038185 0.023929 0.055956 0.00011964 0.012273 0.023898 0.00048208 0.0046048 7.9014e-05 0.0024743 0.010999 0.010011 0.0034203 8.5532e-05 0.0017772 0.0015956 0.00075791 0.00020895 0.0075696 0.00057404 0.0012656 0.032521 0.0042513 0.011461 0.041348 0.0054897 0.012219 0.0019504 0.0072796 0.0012652 0.0063906 0.0081814 0.018565 0.0051618 0.054222 2.8966e-05 0.0010224 0.07731 0.00031206 9.0972e-05 0.021946 0.0092375 0.00081374 8.8878e-05 0.0031329 0.012296 0.00020636 0.002238 0.040088 0.013949 0.00017992 0.0028215 0.0017985 0.036597 0.0017803 0.0079009 0.081317 0.0068914 0.00038678 0.001567 0.060468 2.8701e-07 9.1751e-05 0.0064863 0.0088151 0.002795 0.00013016 0.023649 0.0021441 0.0015875 0.0039701 0.026644 0.00024994 0.050186 0.014212 0.043247 0.0099354 0.00051358 0.028691 0.044278 0.012856 0.00012207 0.0011864 0.010065
0.045863 0.0011117 0.0060741 0.040606 0.024812 0.043806 0.010421 0.010382 1 0.0030659 0.0029864 0.016895 0.016122 0.0071616 0.016168 0.0006792 0.0050942 0.01507 0.013165 0.070222 0.028515 0.016757 0.012179 0.0020998 0.0051247 0.0016967 0.039739 0.056664 0.020823 0.00019211 0.0021132 0.0077619 0.042558 0.023526 6.5492e-05 0.02361 0.0006432 0.00016122 0.0023019 0.00021855 0.0021801 0.0094935 0.00019544 0.020548 0.0052966 0.016061 0.0008762 3.0367e-06 0.0054638 0.00017756 0.029818 0.074197 0.0060881 0.034705 0.0045911 0.028385 0.038594 0.0031589 0.012415 0.0056681 0.0019338 0.058046 0.069872 0.0019666 0.038142 0.0029946 0.00060892 1.4116e-05 0.00086128 0.0099424 0.00026055 0.005116 0.0019739 0.0081864 0.025194 0.016121 0.0040451 0.022627 0.057952 0.032114 0.011505 0.0036933 0.12651 0.0022627 0.0082283 0.0036605 0.0026083 0.003686 0.098151 0.0032867 0.016998 0.0045938 0.0093771 0.0081986 0.021186 0.00014434 0.055433 0.010466 0.0083571 0.001518 0.0066779 0.026555 0.063481 0.12401 0.014019 0.0069309 0.012653 0.0041116 0.033217 0.0029141 0.00030209 0.0054015 0.0037972 0.0084537 0.026468 0.011098 0.016999 0.011963 0.011388 0.0036167 0.039762 0.00044509 0.053708 0.00472 0.089349 0.021223 0.035043 0.0079209 0.0017284 0.010187 0.0039936 0.10641 0.0052378 0.046167 0.0007017 0.001075 0.010402 0.089779 3.4741e-05 0.00040971 0.024771 0.014889 0.0098934 0.028702 0.00034465 0.0031918 0.0048853 0.00097348 0.0040685 0.00074401 0.0049316 0.021491 0.023762 0.0032463 0.0037941 0.00010271 0.012215 0.0017821 0.0059049 0.00015281 0.0014577 0.018237 0.0015535 0.050395 0.039923 0.0022555 0.020601 0.00065355 0.0012322 0.0021313 1.041e-06 0.044131 0.096786 0.030901 0.050674 0.00044954 0.025296 0.010216 0.034587 0.0048885 5.0733e-05 0.00015224 0.00060424 0.040884 0.015322 0.0013705 0.01066 0.016313 0.001446 0.0058213 0.0072541 0.00022218 0.0029983 0.018534 0.0026265 0.042897 0.00049922 0.013525 0.00027708 0.004651
1.7874e-05 1.411e-05 0.0002053 0.0023038 0.00051987 0.00010266 0.011772 0.0036673 0.0030659 1 0.0085283 0.00082745 0.0048167 0.00043542 0.0047752 2.0197e-05 1.8951e-05 0.00044219 0.0039221 0.00011896 0.0050489 0.00036582 1.8993e-05 0.0010235 1.3113e-05 1.8521e-05 9.8164e-05 9.8646e-05 0.0025378 0.00035545 1.0767e-05 0.0014566 0.0076298 0.0029492 0.00012721 0.0018792 0.00054735 0.0012596 0.00052902 0.0012839 0.011987 4.2025e-07 0.00023317 0.010857 1.0104e-06 0.0048118 0.0015103 0.0013444 0.00018076 9.6913e-10 2.8259e-06 8.3101e-07 0.00031502 0.001046 0.00084626 0.0017896 0.027309 0.0022652 0.00095551 0.0053389 0.0020222 0.00055621 0.00057827 0.0067272 0.0030089 0.00068873 0.0026371 5.5211e-05 0.00074285 0.0020091 0.0013465 0.00022143 0.0037104 4.8421e-05 0.0016974 0.01182 0.0034185 0.00053906 0.00053268 2.3311e-06 0.0039726 0.0011073 0.00059485 0.0050833 0.0027391 0.0011661 0.0039694 0.00064648 0.0024528 0.00058028 0.0036012 0.00011706 0.0031088 0.01124 5.9552e-06 0.00052977 0.0010543 0.0025711 0.00047263 3.4425e-06 0.00040537 0.00019523 0.0011247 0.00178 3.9153e-05 0.011094 0.010058 0.0078993 2.6127e-06 0.0028272 0.00043013 0.00095162 6.6929e-05 1.5408e-05 0.00039571 0.0042458 0.00039704 7.7585e-05 0.0012148 0.00036615 1.0481e-06 0.0011247 2.1891e-05 0.00025816 0.010444 1.5994e-05 0.00087151 0.003985 1.6793e-05 0.003805 0.0001724 0.0019213 9.5941e-05 0.00092598 0.0047361 0.00090076 0.0047714 0.00096536 0.0018321 0.0042798 0.006946 3.7845e-05 4.3656e-06 0.00088267 3.2987e-06 0.00025737 0.0015049 0.000352 7.7866e-08 0.0033513 0.00022174 0.00028539 0.0036292 2.4693e-05 0.0011314 0.00082835 0.00027617 0.00053933 0.00236 0.0060142 0.0058238 0.001187 6.0319e-05 5.6365e-05 0.00070375 0.0011552 0.00051112 7.1313e-05 0.00059791 0.00013154 0.0023355 0.0063263 0.00034828 0.0069802 0.0035013 0.00033522 0.00027259 0.00025094 0.00059741 0.0027513 0.0015636 0.0010941 0.00049583 0.0031302 0.00022723 0.0062737 0.005402 0.00011314 0.0026811 0.00019175 0.0021416 0.00056813 0.0058925 1.6151e-05 8.4221e-05 6.4983e-05 0.00029948 0.0013969 9.1302e-05 0.0015548
0.010091 0.035154 0.011151 0.0027466 1.8877e-05 0.0071446 0.011183 0.0061515 0.0029864 0.0085283 1 0.0027482 0.0030044 0.00096843 0.042508 0.013356 6.6393e-05 0.015246 0.012932 0.00021492 0.0013214 4.2024e-06 0.0056173 0.0011884 0.0068453 0.05809 5.9338e-05 0.013268 0.029226 0.041467 0.0083319 0.028045 0.086215 0.068053 0.048544 0.036065 0.0014564 0.0015309 0.00054447 0.02886 0.0092862 0.0088091 0.083063 0.008321 0.00088053 0.0049162 0.024782 0.0003421 0.005225 0.0015363 0.017228 0.0056429 0.017283 0.0016149 0.010003 0.031714 0.013664 0.0071297 0.0075762 0.0057251 0.0044126 2.1995e-05 0.0063049 0.047447 0.001333 0.026133 0.017316 0.018598 0.029292 0.0019292 0.0013306 5.0995e-09 0.14598 0.037523 0.0035743 0.011029 0.004229 0.016738 0.049701 0.0007717 0.024556 0.00019033 0.0020934 0.0031352 0.00022836 5.6826e-05 0.062805 0.00084128 0.013858 0.0046523 0.020614 0.050032 0.16404 0.007886 0.033005 0.0019679 0.0054044 0.017997 0.011892 0.009103 0.10795 0.0020572 0.00042383 0.0014825 0.0004116 0.014004 0.002355 0.0077752 0.0033114 0.002227 0.012646 0.0035337 0.0040654 0.013148 0.0024087 0.0051181 0.0015806 0.0092613 0.014029 7.0278e-05 0.015924 0.00080853 0.011874 2.2006e-05 0.0114 0.0092072 0.0024564 0.031526 0.019167 0.0089165 0.0074844 0.00018298 0.0020404 0.0017707 0.069706 0.057038 0.0039619 0.013179 0.015293 0.010773 0.021779 0.030556 0.0039694 0.053775 0.00046854 6.8643e-06 0.0016245 6.4901e-05 9.2221e-05 0.0010381 0.007519 0.011334 8.8584e-06 0.0024546 0.0012081 0.012227 0.004586 0.024853 0.0017134 0.0020069 1.8407e-06 0.012147 0.0018226 0.0023256 0.020677 0.00010991 0.0012548 2.9473e-05 0.0079631 0.0096985 0.015334 0.0023517 0.089729 0.023018 0.013445 9.2297e-06 0.0070576 0.032349 0.0085529 0.017421 0.00048597 0.0022543 0.02126 0.04049 0.096308 0.00895 0.015248 0.0019847 0.0015434 0.0027834 0.014778 0.0024738 0.00036784 0.013635 0.0018495 0.002101 0.0068298 0.00029791 0.01107 0.00077152
0.0043243 0.0018577 0.001572 4.2727e-05 0.0016717 0.0057718 0.00092569 0.009783 0.016895 0.00082745 0.0027482 1 0.0011972 0.003817 0.086401 0.0052674 0.0020446 0.00059206 0.025266 0.0015069 0.12844 0.025492 0.00052155 0.012029 0.013677 0.00061203 0.0070155 0.0015265 0.0029289 0.029869 1.6082e-05 0.0020157 2.0748e-06 0.001383 0.0011023 0.015008 0.054228 0.027364 0.0087351 0.017229 0.073887 0.0061588 0.0069709 0.0094953 9.5044e-05 0.012878 0.0017017 0.00055928 0.00046376 0.012292 0.015924 0.0012206 0.0065121 5.6476e-05 0.005127 0.021201 0.0074405 0.00039432 0.0056094 0.023127 0.01054 0.0013588 0.0015094 0.043499 0.0041303 0.023602 0.00099253 0.0013367 0.0056617 0.029159 0.0033281 0.11863 0.024518 0.0039296 6.4789e-06 0.012735 0.063348 0.0039611 1.6372e-06 0.070495 0.0064683 0.00053475 0.004169 0.0016687 0.0055898 0.021072 0.0004975 0.008754 0.00095705 0.0015504 0.0082733 0.00044313 8.5955e-05 0.022315 0.0095092 0.0021015 0.061083 0.086168 0.11356 0.0025959 0.024625 0.0022381 0.00025887 0.033248 3.5856e-05 0.07763 0.04237 0.00037287 0.0051671 0.022 0.10191 0.03115 0.017411 0.0035534 2.5349e-05 0.0080442 0.00062577 1.8198e-06 5.9378e-05 0.00028527 0.0019371 0.028359 0.090538 0.0055752 0.058179 0.0013913 0.003306 0.0013843 0.023906 0.0048733 0.0011929 0.085691 0.0022339 0.00044261 0.010532 0.0056107 0.0066041 0.021638 0.0011175 0.01234 0.11882 0.0013243 0.004247 6.9875e-05 5.1068e-05 0.021843 0.0011019 0.016119 0.0012541 0.003803 0.00020689 0.0013077 0.0019438 0.030848 0.0042595 0.0044863 0.015597 0.0005716 0.014789 0.024773 0.0085807 0.0096293 0.00097274 0.058588 0.067698 0.10856 0.007141 0.033645 0.0007647 0.038491 0.01238 0.00036896 0.017223 0.0056961 0.0089994 0.003347 0.038376 0.02745 0.00090325 0.0033238 0.05254 4.1868e-06 1.3726e-05 0.016824 0.0077623 0.013903 0.011213 0.020649 0.0063608 0.00048358 0.031261 0.11744 0.00020409 0.00027998 6.9348e-05 0.0061496 0.0020926 0.00016816 0.023622 0.05558
0.04346 0.00069961 0.022619 0.0021581 0.0069165 0.0084099 7.5018e-05 0.0065599 0.016122 0.0048167 0.0030044 0.0011972 1 0.00035096 0.0094945 0.0043511 1.2726e-06 0.004764 0.043638 0.03756 0.010272 0.007886 0.0020572 0.0019462 0.050697 0.0087966 0.0074133 0.133 0.018817 0.00026572 0.00010035 0.04538 0.024828 0.0013415 0.0058147 0.020082 0.041419 0.00047053 0.053003 0.06436 0.0097694 0.01205 0.0032727 0.0074471 0.013469 0.051126 0.00038341 0.00086201 0.059964 0.0028074 0.0011154 0.049494 0.0099501 0.0011326 0.016192 0.0026644 0.024003 0.033188 0.0014668 0.0060959 0.0014977 0.0060369 0.016396 0.0014576 0.0001038 0.093186 0.0049087 0.0041105 0.007219 0.022765 0.0045923 5.3733e-06 0.0030667 0.0015552 0.028632 0.012237 0.00053218 0.0014045 0.026122 0.036008 0.071593 0.0098142 0.020463 0.014231 0.0076836 4.3983e-06 0.0054467 0.00080482 0.00018633 0.0024106 0.010867 0.00052493 0.013012 0.016474 0.0014945 4.7302e-05 0.020463 0.012789 1.6501e-05 0.0001331 0.002913 0.00030911 0.011591 0.03203 0.042321 0.0010655 0.052236 0.00771 0.049249 0.0032004 0.0084401 0.00022756 0.012973 0.0039911 0.0001573 0.024546 0.0054072 0.0014866 0.050126 0.0049546 0.0013219 0.01312 0.0023062 0.01051 0.045873 0.0040875 0.0098698 0.037904 0.0032112 0.00081559 0.0015205 0.013051 5.6372e-05 1.1799e-05 0.0061518 0.0052489 0.0059814 0.0017077 5.4818e-05 0.0013222 0.00091374 0.047055 0.0015775 0.00096816 0.0031885 0.011145 0.0024929 0.010612 0.006991 0.024186 0.00053528 0.017792 0.013367 0.0038533 0.024566 0.018495 0.00069003 0.003111 2.8146e-06 0.033693 0.061271 0.012975 0.00010568 0.04174 0.00046201 0.0024587 1.5205e-06 0.077099 0.0078749 0.071311 0.0038322 0.0281 0.0026606 0.0034079 0.0010068 5.1379e-05 0.048695 0.00019951 0.0028136 0.012816 0.0086159 9.8012e-09 0.013321 0.017247 0.00020613 0.012971 0.00021242 0.013447 7.4626e-06 0.0034514 2.9635e-05 0.029422 0.017383 0.0087986 0.0021215 0.030879 0.010678 0.013042 0.016545 5.831e-06
0.012337 0.004045 0.00039187 0.018992 0.013691 0.095088 0.005021 0.02324 0.0071616 0.00043542 0.00096843 0.003817 0.00035096 1 0.059056 0.0031972 0.014187 0.0037234 0.0001165 0.0047054 0.00021618 0.0041666 1.8016e-06 0.01116 0.023948 0.013279 1.2651e-05 0.0035657 0.0016095 0.026515 0.0060896 0.036446 0.00070146 0.0039192 6.5606e-05 0.0065807 0.0038828 0.0038376 0.028503 0.0017687 0.00011842 0.0023849 0.030793 0.044841 0.048048 0.022949 0.016929 0.0003636 0.16097 0.012406 0.0016523 0.022642 0.00028763 0.013216 0.062701 0.096987 0.053982 0.00082512 0.0055494 0.0047035 0.011317 0.060784 0.00042898 0.0013692 0.0039206 0.052273 0.0459 0.017358 0.017449 0.002021 0.0018168 0.073084 0.0036899 0.0010613 0.077067 8.227e-05 0.0020366 0.010721 0.00090358 2.4942e-08 0.0089418 3.7787e-09 0.015752 0.024905 0.0086394 0.01229 0.00019401 0.024807 0.0023058 0.0010522 0.012615 0.010138 0.0018038 0.02466 0.0085687 0.07925 0.00024036 0.10483 0.025919 0.011976 0.0010148 1.9908e-05 0.00036747 0.021898 0.023086 0.0071788 0.071845 0.014051 0.0027346 0.0026364 1.8591e-05 0.022998 0.049202 0.018058 0.12282 0.015505 0.0057313 0.0053917 0.012368 0.00070095 0.00048065 0.0031683 0.0071665 0.023151 0.0002804 0.018482 0.0016163 0.0015477 0.02584 0.027197 0.044385 0.056414 0.0031884 0.0097251 0.003708 0.0070216 1.2766e-05 0.0052129 0.035464 0.009308 0.052984 0.033758 0.010676 0.060116 0.0031817 0.0061414 0.010428 0.00070103 0.0095559 0.025059 0.05699 0.0030543 0.004617 0.0031025 0.012438 0.0037825 0.028203 0.0025842 0.0012052 2.198e-06 1.7673e-05 0.013848 0.00019377 0.00034003 3.0583e-05 0.0024468 0.0035284 0.0044842 0.0065475 0.0019632 0.010114 0.054472 0.070868 0.00026347 0.0011034 0.0011988 0.012483 0.015796 0.0027656 0.004855 0.00031497 0.0029471 0.11054 0.028752 0.0010345 0.030435 0.00087339 0.012169 0.00092039 0.020745 0.034552 0.037955 0.010564 0.0026174 0.017865 0.076315 0.0052422 0.0086101 0.0080402 0.029433
0.042896 0.0082673 0.00074316 0.014385 0.055648 0.045577 0.0032794 9.1536e-05 0.016168 0.0047752 0.042508 0.086401 0.0094945 0.059056 1 0.00031291 0.040715 0.0010945 0.030975 0.0020975 0.007266 0.00025251 1.6804e-06 0.0036309 0.0473 0.025796 0.00037496 0.0082948 0.015086 0.061598 0.019852 0.010715 6.8198e-06 0.073843 0.00099696 0.018142 3.4841e-05 1.4374e-05 0.026819 0.0052724 0.02023 0.041166 0.017926 0.0065869 0.0056965 0.0065851 0.055486 0.00053343 0.0013537 0.019652 0.0063311 0.00055295 6.2987e-05 0.00025988 0.0014925 0.059537 0.010415 0.024305 0.06115 0.020705 0.017249 0.013099 0.00026962 0.041937 0.00961 0.027337 0.0042665 0.013558 0.017619 0.00067302 0.0052615 0.074261 0.022804 0.013012 0.0092274 0.00035622 0.013624 0.0015541 7.5641e-06 0.002219 0.015046 0.00015696 0.0019439 0.081623 0.014404 0.002097 0.069598 0.0061792 0.00067759 4.4314e-06 0.0090804 0.017971 0.062246 0.015461 0.0035108 0.081813 0.018809 0.050577 0.029524 0.00077721 0.028978 0.0025291 0.00049914 0.031879 0.017239 0.028946 0.063561 0.00091835 0.019312 0.02126 0.097436 0.027561 0.0024822 0.0062451 0.0013577 0.017687 0.00046477 0.0002437 0.030281 6.6477e-05 0.0011222 0.029131 0.0001585 0.042223 0.076498 0.036781 0.039695 0.00058247 0.019006 0.00022511 0.034336 0.004446 0.00064371 0.00014065 0.044528 0.014835 0.0088438 0.0063125 0.0031337 0.02533 1.1436e-06 0.0021294 0.00068301 0.021773 0.0037424 0.053661 1.2754e-05 0.015713 0.00044942 0.0011546 0.00023378 0.01011 6.2166e-06 0.0010248 0.018589 0.015618 0.0024771 0.0015804 0.026401 0.018452 0.0021643 4.4736e-05 1.0063e-05 0.054105 0.013825 0.11088 0.013029 0.0022423 0.07325 1.8429e-05 0.013074 0.10205 0.085016 0.0092547 0.096783 0.0033091 0.023804 0.015965 0.0097394 0.010505 0.057885 0.023024 0.022286 0.050483 0.054963 0.017039 0.0084892 0.0096259 0.0073044 0.011353 0.018009 0.00082763 2.0823e-05 0.008056 0.0014704 0.0012413 0.0089203 2.9625e-05 0.061607 0.0029144
0.00069153 0.0061213 0.030794 0.075991 0.00014819 0.0048093 4.2391e-06 0.0045092 0.0006792 2.0197e-05 0.013356 0.0052674 0.0043511 0.0031972 0.00031291 1 0.00014048 0.019833 0.016728 0.019185 0.0048121 4.7258e-05 0.0021796 0.00059756 0.027851 0.017296 0.020894 0.010281 0.013835 0.032905 0.0015025 0.0093678 8.2471e-06 0.023928 9.3572e-06 0.00010228 0.00065398 0.00044714 0.0016676 0.056297 0.00032994 0.017158 0.04326 0.032271 0.041798 0.010679 0.0027657 0.0003664 0.066004 0.0049543 0.0023382 1.7254e-05 0.063079 0.028795 0.023834 0.045217 0.01274 0.0029684 0.0029388 0.00066355 0.0035365 6.6196e-06 0.00037219 1.1468e-05 0.054087 0.048041 8.417e-05 0.0010458 0.015429 0.00011492 0.024182 0.0010578 0.0045611 0.0013612 0.00024078 0.037885 0.018252 0.00019259 0.10396 0.00015766 0.018095 0.014985 0.01819 0.0057907 0.026565 0.029826 0.0014245 0.0013879 0.000185 0.0047685 0.0072706 0.027798 0.0046601 0.0072462 0.037918 0.013117 0.0096975 0.040717 0.016281 0.00027465 0.0023536 0.01855 0.00012345 0.014764 0.057165 0.014547 0.025386 0.0016948 0.0012339 0.047137 0.10279 0.0019505 0.0025645 0.0047267 0.030714 0.027807 3.5219e-05 0.0023214 0.012857 5.6928e-05 0.011687 0.036116 0.15655 0.00078818 0.0025768 0.00070958 0.012264 0.034515 0.042263 0.028903 0.0035329 0.00097709 0.0027442 0.0012023 0.1884 5.3537e-05 0.0016569 0.035548 2.1623e-06 0.07133 0.081827 0.020215 4.5258e-06 0.0037738 0.0004264 0.069993 0.0012312 0.028794 0.0084019 0.0042294 0.010256 0.026166 0.01264 7.4531e-05 0.011991 0.038411 0.028461 0.0098748 0.11938 0.0048103 0.00051686 0.020045 0.0020585 0.046078 0.0010918 0.016109 0.0018768 0.022832 0.012635 0.032476 0.0056537 0.001124 0.1024 0.059906 0.010482 0.00067861 0.02117 0.010502 0.010787 0.039856 5.68e-05 0.00024366 0.053994 0.0016876 0.0724 0.013224 0.023069 0.01431 0.0030705 0.094285 0.0015904 0.0075187 0.015712 0.014729 0.017594 0.15157 0.0017445 0.0022208 0.0016486 0.00071641
0.00070846 0.061243 0.018022 0.027264 0.0067123 0.014288 0.01592 0.0067242 0.0050942 1.8951e-05 6.6393e-05 0.0020446 1.2726e-06 0.014187 0.040715 0.00014048 1 0.0067472 0.0014044 0.012611 0.00099484 0.024967 0.0028297 0.011284 0.014002 0.0088762 0.027023 0.013001 0.0079543 0.063412 8.7229e-05 0.00096692 0.005777 0.0030958 0.0032858 0.0094073 0.017525 0.027538 0.035129 0.0058138 0.00014459 0.048834 0.00012992 0.00025615 0.012896 0.0018343 0.00044725 0.00036797 0.0074279 0.042934 0.0068604 0.015164 0.0011808 0.0004836 0.0057121 0.0024686 0.00056165 0.0043103 7.2522e-06 0.0082699 0.017658 0.032469 5.2662e-05 0.0059618 0.011172 0.0050801 0.014946 0.024917 0.0032285 0.0041425 0.018313 0.002723 0.011911 0.0033926 0.00060264 0.0075998 0.046016 0.002326 0.041462 0.005145 0.018762 0.021291 0.00047279 0.019647 0.0024692 0.040571 0.0054209 0.0084601 0.0024846 7.8395e-06 0.037468 0.00020131 0.0032143 0.00047933 0.031725 0.038097 0.0062122 0.00027655 0.0033526 0.0021914 0.00086216 0.018975 0.0022379 0.046345 0.0022784 1.0446e-07 0.0001767 0.0078564 0.01955 0.00054993 0.029691 7.162e-06 0.010042 0.026544 0.0034035 0.031718 0.032835 0.032733 0.00066081 0.0023995 0.0012805 0.00066539 0.028845 0.097722 0.014257 8.3483e-05 0.105 0.019682 0.010271 0.0070864 0.025384 0.0057862 0.018145 0.002264 0.00024893 0.025067 0.0018034 0.0052732 0.00011069 0.06032 0.00087737 0.00032006 0.00013524 0.010673 0.0043685 0.00296 0.016357 0.016444 0.044535 3.0242e-05 0.003389 0.00015076 0.026874 0.00010901 0.00017026 0.015165 0.033123 0.0053358 0.0077159 0.00014839 0.014585 0.012382 0.0015711 0.00013629 0.036388 0.0126 0.0094941 0.012806 0.001887 0.074683 0.037789 0.0025927 0.0095952 0.0039483 0.031435 0.0014026 0.0024028 7.6867e-06 0.020493 0.0071441 0.020898 0.00086402 0.018897 0.00090699 0.030954 0.0005308 0.0012058 0.0019952 0.0025028 0.031101 0.0032368 0.019253 0.0022438 0.017015 0.0033618 0.008562 0.00016226 0.019282 0.026913 0.0022871
0.00085183 0.00169 0.0052924 0.009314 0.0025616 0.00054679 0.001354 0.00060926 0.01507 0.00044219 0.015246 0.00059206 0.004764 0.0037234 0.0010945 0.019833 0.0067472 1 0.0056231 2.4246e-05 0.00096261 0.0091818 0.00011834 0.00024925 0.0054594 0.0016206 0.0075104 0.00041703 1.7612e-06 0.00022198 0.0016777 0.002817 0.0012099 0.0099925 0.0069541 5.3322e-05 0.004999 3.2755e-05 0.0096427 0.0097157 0.011051 0.0014546 0.0030561 0.0058967 0.0044723 0.0026842 0.0046267 0.00094393 0.0004237 0.0027908 0.0047456 0.0058457 0.0041042 0.0021568 8.0242e-06 0.011606 0.00013935 0.025251 0.00088395 0.0064838 2.6422e-07 0.017464 0.0025475 0.0044893 0.0065698 0.00062784 0.0016528 0.00062676 9.6021e-08 0.00050658 0.0021154 0.0016931 0.018151 0.0046148 0.0012587 0.0057353 0.0012519 0.0069502 0.023051 3.2702e-09 0.0018142 0.00087197 0.0046809 0.0068831 0.0040355 0.0010074 0.0053665 0.017034 5.7869e-05 0.00020058 0.00096173 0.0021335 0.0024522 0.00059275 0.0057959 0.0040013 0.0018326 0.0076391 0.0027865 0.0024723 3.2575e-06 0.00075033 1.1942e-05 9.2852e-05 0.013688 0.0044684 0.00041417 0.0018267 0.015764 8.1162e-05 0.00029504 0.0018507 0.0026677 0.0046893 0.0063901 0.013293 0.0010087 0.0014952 8.4853e-06 0.00021407 0.002613 0.0011795 5.3364e-05 0.025725 0.0029153 0.0015118 0.003604 0.021626 0.003552 0.0020696 0.0022136 0.001201 8.8343e-05 0.0044776 0.0033343 0.00039516 0.00035876 0.0049653 0.0028113 0.0061206 0.028212 0.0045582 0.0010189 0.0018322 0.00012755 0.0051245 0.010001 0.00011483 0.0085172 0.0088872 0.012825 0.0083785 0.0039681 0.012963 0.00021932 0.0064655 0.018102 0.0011391 0.0019153 0.0044214 0.0088971 0.00029072 0.00049996 0.0035976 3.7005e-05 0.00083495 0.00012621 0.0046835 0.00019936 0.001052 0.0001606 0.0061151 5.8235e-05 0.013502 0.03547 0.00039727 0.012293 0.0037935 0.0031488 3.4651e-05 0.005128 1.0129e-07 0.0071389 0.00064726 0.00462 0.002553 0.0099758 0.0027936 0.0024747 0.0082603 0.0074928 0.003815 0.00047625 0.0061057 0.01574 6.2272e-05 0.0053982 0.00032418 7.4559e-05 0.00022849
0.00070599 0.0059839 0.0043619 0.0074116 0.0059756 0.0038838 0.050975 0.0039157 0.013165 0.0039221 0.012932 0.025266 0.043638 0.0001165 0.030975 0.016728 0.0014044 0.0056231 1 0.046784 0.0052592 0.0058354 0.02319 0.0087568 0.0011426 0.003895 0.0016863 0.0087892 0.0063703 0.0034398 0.019026 0.0091625 0.13708 0.015719 0.01215 0.068115 0.0090673 0.0055342 0.0084412 5.3549e-05 0.020584 0.00055703 0.0018911 0.043319 0.003277 0.01176 0.059452 2.4405e-06 0.0015792 0.020327 0.010173 0.0031403 0.0068162 0.00069602 0.011675 0.0098589 0.0028129 0.001789 0.028646 0.015073 0.012502 0.00071612 0.024207 0.00040698 0.00011972 0.0073036 0.040841 1.3189e-05 0.0012314 0.0020876 0.0006115 0.036266 0.012484 0.0014587 0.00098968 0.02001 0.021068 0.017446 0.010553 0.0016217 0.00077054 0.010758 0.0099627 0.0037844 0.0015121 0.00013567 0.01897 7.1831e-05 0.0021599 0.0020666 0.024598 0.00022671 0.040726 0.0036736 0.00089699 6.0741e-06 0.065221 0.014138 0.034956 0.0039543 0.017187 0.02094 0.017952 0.0027705 0.00404 0.04645 0.0083159 0.00084109 0.025859 0.0010115 0.0080439 0.010099 0.013643 0.00087113 0.0027424 0.0013675 0.0068357 0.013751 0.062163 0.00056923 0.0014089 0.0030177 0.005244 0.015319 0.049067 2.0846e-05 0.043099 0.066936 0.021155 0.025586 0.0099153 0.0035629 9.2966e-05 0.0055862 0.040579 0.00034428 0.0048809 0.0041647 0.0077142 6.1553e-07 0.00027169 0.024684 0.00027139 0.029604 0.0019383 0.0020962 0.0081427 0.01064 0.0059547 0.00025427 0.0040186 1.9962e-05 0.0014594 0.0057695 0.0092277 0.049547 0.020582 0.02757 0.029529 0.0016872 0.00012366 0.027103 0.00053814 0.033941 0.027909 0.030525 0.011554 0.0042028 0.019987 0.00030855 0.055741 0.041757 0.0047712 0.017149 0.025898 0.0021164 0.0010918 0.02817 0.018791 0.0024598 0.0024225 0.00014702 0.00072084 0.011771 0.0089979 0.18879 0.020921 0.0012873 0.019376 0.00014551 0.00022607 0.0094997 0.0051853 0.0062037 0.023897 0.011027 0.00011807 0.0021824 0.0058593 0.038344
0.0056187 0.0012215 0.0075744 0.0041116 0.0005705 0.0074549 0.00042645 0.0021463 0.070222 0.00011896 0.00021492 0.0015069 0.03756 0.0047054 0.0020975 0.019185 0.012611 2.4246e-05 0.046784 1 0.04585 0.045965 0.0018266 0.0004053 0.054965 0.064235 9.4487e-05 0.021952 0.00046441 0.040618 0.012177 0.00014105 0.002159 0.0034964 0.018385 0.0013721 0.0033737 0.00085652 0.00792 0.018167 0.010502 9.9101e-05 0.0037204 0.095989 0.0025041 0.00029642 0.0081358 0.0019499 0.016406 0.017372 0.00025773 2.5107e-05 0.092708 0.017864 0.00048296 0.0037972 0.009611 0.006434 0.0064749 0.0084885 0.01191 0.0019573 5.7435e-05 0.0019731 0.011711 0.0010401 0.01046 0.0022329 0.025018 5.0967e-05 0.044335 0.037928 0.0001046 0.027451 0.0041224 0.00058386 0.015893 0.023847 0.0050642 0.00576 0.013864 0.032917 0.013806 0.0098283 0.0014703 0.001747 0.0002741 0.049564 0.0046231 0.013276 0.010816 6.5704e-07 0.012585 0.0011918 0.015398 0.016771 0.020257 0.0011365 0.0014968 0.0033419 0.0034361 0.0051855 6.8174e-05 0.010964 0.0010895 0.0046 0.032641 0.00139 0.010179 0.00074866 0.02115 2.6471e-05 0.0024348 0.0045524 0.0055464 0.00032234 0.0038494 0.0095929 0.0014937 0.00012495 0.0096129 0.014169 0.080524 0.0063353 0.058312 0.017104 0.12355 0.00030997 0.00037583 0.0008805 0.012899 0.011904 0.034973 0.0010221 0.0010183 0.0033429 0.00041593 0.17209 0.0033262 0.0032965 0.0004762 0.00081083 0.00024874 0.011088 0.00018826 0.03315 0.019205 4.334e-06 0.0057819 0.030725 1.9154e-05 0.045485 0.10523 9.1485e-05 0.0011578 0.0030227 0.001884 0.0010878 0.032695 0.0022677 3.8158e-05 0.014714 0.0057863 0.00013707 2.9199e-06 8.0871e-05 0.0031911 0.030711 0.0039922 0.015034 6.5724e-07 0.042369 0.020285 0.0057155 0.0057212 0.0012717 0.011678 0.0076648 0.063594 0.00074922 0.0039007 0.0045521 0.14762 0.0067913 2.0235e-07 0.043535 0.0066155 0.0073158 0.00039114 0.039168 2.82e-05 0.0022296 0.0062181 0.020193 0.0020134 0.028971 0.017152 0.021652 0.0093991 0.025918
