200
1 5.7734e-05 0.0057652 0.0027805 0.0015649 0.00027271 0.0057887 0.0033066 0.0030756 0.00074563 0.067815 0.0031852 0.00010286 0.0087518 0.020945 0.00073764 0.0015925 1.058e-05 3.8205e-05 0.00048201 0.0025892 0.029397 0.0079475 0.0035507 0.018366 0.013512 2.8449e-05 0.0046295 0.0011432 0.0097653 0.0073546 0.0067906 0.0016209 0.01018 0.045648 0.0009874 0.00122 0.0020309 0.00091868 0.00077602 0.0028325 3.6041e-05 2.2132e-05 0.052946 0.015565 0.000681 0.0029429 0.0019983 0.018153 0.010567 0.0012926 1.5411e-06 0.0007739 0.0012408 0.0012207 0.038882 0.003735 3.3168e-06 0.00069511 0.0062942 0.0010576 0.0078728 0.0037102 0.0012526 0.00030304 0.0041321 0.0056425 0.01949 0.01402 1.7303e-05 0.00049644 0.0063235 0.0012425 0.0022265 0.019897 0.0041266 0.0010207 0.00016706 0.0016239 0.00039517 0.042595 0.0072369 3.1302e-05 0.0056553 0.00042381 0.00015426 0.0004823 0.0039965 0.01169 0.041587 0.019706 0.026702 0.012657 0.0014159 0.00096724 0.00026397 0.00072124 0.0010262 0.032197 0.001741 0.0012795 0.0046658 0.00063786 0.0060864 0.001941 2.5916e-05 0.006242 0.00044685 7.1926e-07 0.0024147 0.0047402 0.0001964 0.037306 0.0017574 0.0011803 0.0022641 0.0021301 0.001458 0.016787 0.0011991 0.013961 8.1433e-05 0.0022098 0.03056 0.0010931 0.0054956 0.031691 0.014393 0.010161 0.0089173 0.0025524 0.003082 0.026741 0.00025498 0.0042468 0.0040844 0.0081538 3.785e-05 0.0020445 0.00013713 0.001133 0.0005807 3.3322e-05 0.00058267 0.0059145 0.015647 0.011267 0.0013026 0.0033649 0.0053688 2.9098e-05 0.015068 0.012978 0.028855 0.0029189 0.0086475 0.0038775 0.00070591 0.0013556 0.036987 0.0010854 0.0020022 0.011334 0.0013658 0.025068 5.1495e-05 2.7756e-05 0.0024792 0.00020796 0.0031772 0.02786 0.0011327 0.024916 0.0069857 0.011281 0.0030746 0.0077627 0.010056 0.0060014 0.0025242 0.0019866 0.00034892 0.00047114 6.9717e-05 0.014655 0.010335 0.011045 0.0019954 0.00070692 0.0052698 1.6832e-06 0.0017014 2.9305e-05 0.00064643 1.7257e-05 0.021886 0.00039792 0.00071348 0.0059364 0.0049317
5.7734e-05 1 0.0011832 0.0074068 2.6876e-07 0.005111 0.0014692 0.025016 0.0039223 0.041426 0.0080085 0.013696 0.0041983 0.0068521 0.0017217 0.0054152 0.004448 2.0603e-06 0.012592 0.00011897 0.00064363 0.0077775 0.015998 0.031304 0.011954 0.011403 0.00030185 0.0074214 0.038484 0.007675 0.0026697 0.0077742 0.00097921 0.00011795 0.00015072 0.00093366 0.0011061 0.0028347 0.02623 0.0029437 0.0069223 0.0003877 0.0004435 0.009731 0.0009107 0.0014013 0.0015406 0.0022656 0.020718 0.022341 0.015057 0.0097491 0.00096235 8.7811e-05 0.00015462 0.016172 0.029561 0.00099855 0.0010152 0.0030721 0.017885 0.00045924 0.00021763 0.00049203 0.0025636 0.00012542 0.035464 1.9629e-07 0.007126 0.003475 0.0011413 0.022274 0.015376 0.0018653 1.2596e-05 0.010856 0.0019701 2.9187e-05 0.0057659 0.00011483 0.023423 0.015141 0.00061676 2.4686e-05 0.021907 0.037491 0.00040247 0.00065099 0.042978 0.00029236 0.0024002 5.0728e-07 0.004227 0.031016 0.0016356 0.0057046 0.00069012 9.9209e-05 0.0070227 0.0074586 0.00020638 0.00016753 0.013497 0.0052386 0.00037681 0.0038428 0.0038047 0.03594 1.5341e-05 0.012511 0.0031544 0.0039291 0.02438 0.014294 0.002497 0.0016609 0.039543 0.01956 0.0036943 0.00024561 6.8419e-05 0.0017058 0.0026761 0.011434 0.033576 0.0088554 0.0056313 0.0084398 0.035091 0.0024389 0.002393 0.00014457 0.0081488 0.00087964 0.00023985 0.0014438 0.0006799 0.0030517 0.00015634 0.00043681 0.0011399 1.0186e-06 0.008605 0.029385 0.088169 0.0030037 0.010086 0.00019973 0.003038 0.004985 0.0245 0.03169 0.011351 0.0002342 0.0015442 0.0066687 0.012287 0.013157 0.0028078 0.01967 0.0045112 0.00031236 0.024554 0.0020434 0.002907 0.00097409 0.008363 0.017967 0.0095181 0.0011549 0.011273 0.024618 0.0037549 0.0023809 1.593e-06 0.012267 0.010023 0.007207 0.0062946 0.018437 0.0038154 0.003647 0.002289 0.010575 0.0064619 0.010489 0.029546 0.00022423 1.1263e-05 0.011289 0.0093848 0.0028536 0.011255 0.00013237 3.446e-05 0.00041094 0.00062987 0.038522 0.010164 2.5045e-06
0.0057652 0.0011832 1 0.0087613 0.00012161 0.011478 0.0028964 0.0047638 0.001116 4.7995e-05 0.02307 0.0066973 0.001045 0.0014894 0.0040485 0.0063473 0.00038176 0.00025621 0.00049047 0.0012351 0.00023722 0.00067319 0.00017217 0.00042349 0.00035025 0.0014433 0.0004307 0.009622 0.0013601 0.0021495 0.0015836 0.0035456 0.00097438 0.00075071 6.3363e-05 9.5999e-06 0.0029688 0.00018256 0.0010591 0.00090492 0.00041461 2.548e-05 0.0084048 0.00047158 0.0053398 0.00049143 0.009177 0.0064912 0.0026558 0.0038312 6.466e-06 0.00064567 0.00016201 3.1133e-05 0.0016908 5.1486e-07 0.0035596 0.00025537 0.00060149 0.012854 0.0045868 0.004359 0.0012425 0.00015058 0.00046011 6.4834e-06 4.4946e-06 9.9051e-05 0.0023176 0.00069215 0.0012075 0.0020636 0.001044 0.017309 0.0033256 0.00015314 0.00033008 0.00067749 0.0018999 0.00082365 0.0014283 1.2749e-05 0.0029268 0.0028933 0.0018847 3.1011e-05 0.00053885 0.00010745 0.0025725 0.00070476 0.00010981 0.0015802 6.0669e-05 0.003217 0.0017602 0.00037782 0.0059804 0.0015316 0.0027696 0.0023287 8.3606e-07 0.00037232 0.002519 0.00016078 0.0033914 0.0011634 0.0028194 8.2339e-05 0.01376 0.0046434 8.6503e-05 5.9457e-05 0.00020319 0.008469 2.6911e-05 0.0024634 0.00060256 1.498e-06 0.0021804 0.003354 0.0018762 0.00084123 0.00077167 0.0040301 0.00093601 0.0048656 0.00034179 0.00020488 0.00092603 3.1268e-05 1.3573e-05 0.0011601 6.8762e-05 0.0087151 0.00049937 0.01425 0.00017516 0.0033693 6.8933e-05 8.394e-05 6.3687e-05 0.00064146 0.0029677 0.0016649 0.0040858 4.8242e-05 0.0073324 0.0016228 0.00013829 0.018234 0.00056603 0.0021424 0.0017009 0.0088689 0.00071509 0.00043696 0.004322 0.015404 0.0018755 0.003342 0.00017387 0.011179 0.0026808 0.0023121 0.00021627 0.0032682 0.0096991 0.0006909 0.015245 0.003804 0.00021564 0.00073101 0.0045429 0.0020466 5.2563e-05 0.0016362 0.007989 0.0073434 0.0013163 0.0013196 0.0027916 0.0024863 0.0013289 0.0012822 0.0073374 5.9358e-05 0.0002889 3.0333e-06 0.0011437 0.0065543 8.8226e-05 0.0031246 0.0010865 0.0026079 0.0049612 0.00067392 0.00032716 0.0053071 3.6567e-05 9.7866e-05
0.0027805 0.0074068 0.0087613 1 0.00062619 2.3521e-05 0.00044592 1.2202e-06 0.01115 0.004999 0.017116 0.0087252 4.1395e-06 0.001675 0.0009546 0.0042188 0.00083656 0.0067591 4.0875e-05 0.026665 0.0033141 3.3383e-05 2.4051e-07 0.00045089 0.00027196 4.9348e-05 0.00017372 0.0018092 0.0088835 0.016576 0.0027191 0.012008 0.0013847 0.00025451 6.7966e-05 0.00049563 0.00046872 0.0069398 0.015601 0.0065666 0.0034195 1.2474e-05 0.0014314 0.0025392 0.00031521 0.00074618 0.00025727 0.00016237 0.0054971 0.0046049 0.014669 0.0043711 0.014275 0.00091166 0.0086392 0.0036949 0.0028636 0.02534 0.0089802 0.0057519 0.00053245 0.036704 0.0069197 0.029033 0.0075819 0.0001059 0.00040423 0.001058 0.013326 0.00275 0.0035875 0.0071684 0.0039102 0.039348 0.0038097 0.00049619 0.00085485 0.017894 1.0157e-06 0.013112 0.008831 0.007118 6.7685e-06 0.00036466 0.004188 0.00062906 0.0021886 0.00074294 0.0073567 0.0067171 0.0013549 0.0026668 0.0048261 0.0063301 0.0096615 0.012276 1.5269e-05 0.0041646 0.0030751 0.00142 5.6587e-05 0.019217 0.00090234 0.0030759 0.0010534 0.0079472 0.00125 0.001281 0.0063484 0.0021324 0.0001984 0.027764 7.4408e-08 0.0037819 0.0049673 0.013839 6.5299e-08 0.0014496 0.010724 0.0001559 0.021464 0.033237 0.0017537 0.035184 0.00095765 0.00079981 0.0012048 0.0032133 0.0033641 0.0084194 0.038207 0.0004261 0.0040942 0.0087811 0.0016366 0.0015459 0.009467 0.003343 0.0029614 0.011594 0.0026658 0.00037586 0.00232 0.00084268 8.1653e-06 0.00021924 0.010475 0.0061719 0.0067904 2.17e-07 0.024424 0.011515 0.010322 0.036241 0.001168 0.0012371 0.0001214 0.013312 0.0021057 0.003266 0.0011755 0.021324 0.0018457 0.0064955 0.043055 5.8637e-05 0.027027 0.010969 0.016824 0.0024416 0.00056992 0.0020266 7.9654e-05 0.0016711 0.043975 0.010994 0.00077383 0.0018075 0.0024082 0.0071868 0.0026275 0.0020028 0.010958 0.00086239 0.00089532 0.0001581 0.0069268 0.010475 0.0076732 0.010962 0.01227 0.00092994 0.0016689 0.006669 0.0034614 0.00046143 3.9661e-06 0.000887 8.2273e-05 0.00048018
0.0015649 2.6876e-07 0.00012161 0.00062619 1 0.0084363 0.0017121 0.0039634 0.0015933 0.0010629 1.941e-05 0.0043415 0.025447 0.00026836 0.0022275 0.011102 0.00071321 0.0055979 2.4831e-08 0.0013032 0.02815 9.8644e-06 0.0025314 5.472e-05 0.00064671 0.019403 0.044776 0.00042227 0.0030605 0.00032168 0.0025184 0.010079 0.00077523 0.0016054 0.0011935 0.015227 6.8596e-07 0.0022568 0.0064801 0.00043223 0.00026858 8.0368e-06 0.014263 0.007364 0.00066647 0.00047111 0.020007 0.0030121 0.012022 6.8046e-05 0.0014829 0.015709 0.0055876 0.0091083 0.016927 0.01088 0.0038854 0.018691 0.00042299 0.0010121 0.00091648 0.00039505 0.0010264 0.0047379 0.013626 0.0058022 0.017285 0.0023207 0.00055179 0.00033011 0.0026217 0.0043154 1.2894e-05 0.00015261 0.00069325 0.00019348 0.00015834 0.00074765 0.0021529 0.00084726 0.0070788 0.0017605 0.0026524 8.6206e-05 0.00034112 0.0051482 2.5608e-06 0.0012037 0.00081489 6.3353e-05 0.0059543 0.00054365 0.00046214 0.0002255 9.7819e-06 0.0004306 0.0083191 4.1714e-05 0.0048814 0.0095252 0.010849 0.0024629 0.0037538 0.00052365 0.00093542 0.0027667 0.0039074 0.0023139 0.00048548 0.01525 3.904e-05 0.0092959 0.023961 0.00017667 0.055038 0.0097915 0.0016968 0.014325 0.011697 0.0051061 0.00052478 0.0017792 0.00026525 0.00096418 0.0012257 0.0049043 0.017973 0.0042792 0.004026 0.00019329 0.00081688 0.00061868 0.00039722 0.00054603 0.00083002 0.011102 0.0060361 0.0001765 0.00061164 0.0099991 0.0084461 0.0015549 0.0052198 0.0052436 9.8772e-08 1.2806e-09 0.002266 0.0031904 0.00096829 0.0026796 0.0013179 2.0426e-06 0.0022337 0.00036838 0.0020794 0.001043 0.0046618 7.6449e-05 0.009167 0.00043982 0.012135 0.0013243 0.0058892 0.00013089 0.00016563 0.0045222 0.0051284 0.0010516 0.0012544 8.8175e-07 0.022806 0.004766 0.01147 0.0033726 0.0072795 0.00077549 0.0018012 0.0014278 0.021265 3.0908e-05 0.00069833 0.0014723 0.0018525 0.020887 0.020775 0.0010752 0.0050904 0.0031363 0.0027761 0.00030933 0.00065877 0.00011408 8.0941e-05 0.0065237 0.0051605 0.00037762 0.00037324 0.0032642 0.0039101 0.00096203
0.00027271 0.005111 0.011478 2.3521e-05 0.0084363 1 0.00043139 0.038705 0.0019195 0.00072851 0.00056725 0.011721 0.0028309 0.0022241 0.0018189 0.00019463 2.1024e-06 0.00092362 0.02836 0.016405 0.0015914 0.0022915 0.0006261 0.0020436 0.0046756 0.0089654 0.0038156 0.0026287 0.00020847 0.0045816 0.00032952 0.012925 5.0282e-05 4.823e-06 0.00051726 0.0026071 0.028419 0.025918 5.0287e-06 6.4669e-05 0.023895 0.0041125 0.027875 0.0001504 0.0022185 0.026316 0.00022516 5.3447e-05 0.0014884 0.0058575 0.0072155 0.030009 0.000597 0.0034974 0.0024152 0.013773 0.0035886 0.0018449 3.2679e-05 0.0016012 0.00078087 0.043999 6.1935e-05 0.0020983 0.0045055 0.0038789 0.0095038 0.0070726 0.0018874 0.0015981 0.0079019 0.00057587 0.0016103 7.3643e-06 0.00096531 9.5591e-07 0.013895 0.048791 0.00012173 0.0012181 0.0074958 0.014243 0.003762 0.0016218 0.0047019 0.0029409 0.008506 0.0037562 0.009337 0.016084 0.026913 0.0048055 0.00094807 0.023628 0.0019442 0.00967 0.0064272 0.0016152 0.022012 0.021701 0.010048 0.013523 0.0092025 0.0010701 0.0040895 0.012832 0.0057086 0.0009146 0.0026933 0.016614 0.00023969 0.0031414 0.015325 0.00076988 0.0033552 0.00073761 0.0057725 9.7876e-05 0.012865 0.0032292 8.6301e-05 0.00042649 0.00017287 0.002586 0.0011197 0.0064315 0.013256 0.014748 0.0089147 4.1185e-05 0.00055673 0.0051147 0.023656 0.00027306 0.027517 4.3844e-05 0.0067922 3.8436e-05 1.5922e-05 0.0073981 0.0085479 0.015277 0.00038128 0.011509 0.00090589 0.0019625 0.0010345 0.0027517 0.0023831 0.0017753 0.0005638 0.00034316 4.9479e-07 0.00010213 0.0006272 0.0014286 0.008228 0.017458 0.0020526 0.0060804 0.00014637 0.084181 0.0015897 0.001606 0.001603 0.0018329 0.012358 5.6483e-06 0.0032697 0.00095342 0.012191 0.010148 0.0017444 0.010203 0.00014501 0.029304 4.4637e-05 0.014808 0.02081 0.0098507 0.0028621 5.382e-06 0.025912 2.4731e-05 0.013575 0.00018068 0.00016158 0.0028914 0.0011882 0.0052546 0.027327 0.010024 0.013976 0.0038865 0.01229 0.00079556 9.3299e-05 0.0021641 0.019216 3.7344e-06
0.0057887 0.0014692 0.0028964 0.00044592 0.0017121 0.00043139 1 0.01715 0.0010104 2.1824e-05 0.032915 6.4083e-05 0.0019169 0.00024555 0.00084969 0.0025901 0.00019312 0.0026527 0.0052048 0.0065262 0.0019371 0.0027886 0.0047804 3.0448e-05 0.0008753 5.3771e-05 0.00083804 5.2095e-05 7.3229e-06 0.0059857 0.0021795 0.00027933 0.00091831 0.0012557 0.0085102 0.0043196 0.00062947 0.00012299 0.005542 0.024643 0.0046676 0.00030736 0.014096 0.018923 0.010972 0.00040984 0.010129 0.01475 0.002009 0.020641 0.025932 0.019907 0.0018129 0.001726 0.015844 0.010068 0.0056743 0.0059701 0.018508 0.00028297 0.035812 7.0433e-05 8.4407e-05 0.0011297 6.6247e-05 0.001029 0.012552 0.00047348 0.0020043 0.088233 0.0024299 0.00047251 0.0036137 0.0030761 0.00013947 0.00065079 0.0048536 7.1025e-05 0.0021897 0.012921 0.00035158 0.00030516 0.0067372 0.0025951 0.0026529 0.0098145 0.00036848 0.00090408 0.003435 0.034853 0.0093397 0.0075848 0.022988 0.0075517 0.0014765 0.0025193 0.0041126 0.00018685 4.7909e-05 0.0020477 0.023499 0.0015796 0.006342 0.00040972 0.014923 0.0080154 0.00071718 0.00012277 2.7379e-05 0.00072524 0.01011 0.014588 0.018507 0.002067 0.06334 0.011748 0.0016869 0.0073013 0.00090422 0.0021289 0.00015724 0.00098237 0.003827 0.010064 0.0095475 0.0075213 0.010275 0.000208 0.00049311 7.7238e-05 0.00013535 0.00023177 0.0085954 0.0040823 0.018571 0.0088457 0.00011424 0.00062105 0.010174 0.0047837 0.0017187 0.00093074 0.00029606 0.013571 0.00089876 0.00070725 0.019044 0.00010105 1.009e-05 0.056343 0.0049129 0.032546 0.049908 0.00049703 0.024788 0.00011423 3.2683e-05 0.0098808 0.010904 0.021486 0.0050976 0.0066082 0.00095608 0.0045152 0.0023994 0.00069951 0.00051765 0.00019757 0.023978 0.00058523 0.021828 0.00062012 0.00012881 0.0010518 0.0037405 7.2383e-05 0.0026412 0.11033 0.0082062 0.017903 0.0018508 0.00053343 0.012335 0.010158 3.0554e-05 0.00059888 0.022472 0.00032178 0.01179 0.00024331 0.0020965 0.0054832 5.0356e-06 0.0055175 0.0072643 0.0071039 6.691e-05 0.00086793 0.00026083 0.0039128
0.0033066 0.025016 0.0047638 1.2202e-06 0.0039634 0.038705 0.01715 1 0.0030678 0.06471 0.00091141 0.018639 0.00032407 0.016164 0.0057324 0.013291 0.0031438 0.00089642 0.0099755 0.0023956 0.026662 0.010543 3.144e-06 0.0073463 0.010001 0.0019094 0.0012833 0.0064833 0.00048671 0.010962 0.0011803 0.0027944 5.9054e-05 3.7808e-05 0.0046697 0.0069011 0.0022214 0.0069244 0.0077865 0.0031857 0.005819 0.0010773 0.0021601 0.020297 9.6873e-06 0.00010697 0.0026457 0.027729 0.10514 0.013546 0.032147 0.0059778 0.024146 0.000403 7.8188e-05 3.0081e-05 0.00041361 0.01286 0.0016658 0.0046333 0.046773 5.7085e-05 0.012035 0.012858 0.00029904 0.0029871 0.0063679 0.00028362 0.0092765 0.027483 0.0043188 0.039423 0.0011987 0.0017566 0.014612 0.0019526 0.0008134 0.011708 0.021786 0.0068432 0.00028744 0.0083324 0.00028862 0.0012232 0.0021671 0.00030551 0.00012575 0.0063905 1.5102e-06 0.021227 0.0039898 0.0017031 0.00031081 0.0019365 0.0024407 0.013595 0.00032726 0.0088287 6.2765e-05 9.5687e-07 0.0019 4.0846e-06 4.0889e-05 0.0010259 0.010988 0.0057436 0.0055698 0.0039326 0.0048491 0.0096506 0.018009 0.00096771 0.00085078 0.011045 0.00023832 0.028833 0.0033381 0.0076854 0.0019356 0.017711 0.017886 0.00691 0.0033271 0.00014845 0.014897 0.0077651 0.015622 0.0025444 0.0014046 3.2063e-06 0.031923 0.0023672 0.0074392 0.015771 0.026355 0.0011442 0.00067172 0.019814 0.0053294 0.001182 0.0026692 0.00062813 0.005571 0.047421 0.001521 6.3856e-05 0.0041749 0.00066374 0.0076352 0.0048559 0.015387 0.0033199 9.2087e-05 0.0076104 0.0044034 0.0027691 0.014924 0.00011798 0.00016877 0.0028396 0.030226 0.010747 0.0044577 0.0023194 0.0016309 0.0026888 0.0073267 0.00077201 0.041332 0.0086208 0.0052425 0.0026109 0.0026161 0.0059785 0.012531 3.1323e-05 0.0010313 0.0084948 0.001398 0.00023968 0.002428 0.00041481 0.0032957 0.00049741 0.0057438 0.010271 0.00033926 0.00023484 0.013424 0.0041141 0.0076979 0.0063254 0.0027177 0.0052773 0.0088781 0.011832 0.00045951 4.5049e-05 0.0023939 0.0034743
0.0030756 0.0039223 0.001116 0.01115 0.0015933 0.0019195 0.0010104 0.0030678 1 0.00025233 4.852e-05 0.0023241 1.1611e-05 0.002308 0.01 0.016743 0.0055087 0.0012455 0.012597 0.035933 0.0030307 0.0040428 0.017201 0.012825 8.5577e-05 0.01567 0.003153 0.012308 0.0013768 1.0663e-05 0.00040067 0.0010715 0.0006509 0.00018124 0.0070128 0.021685 0.015354 0.005472 0.027319 0.0038968 0.00077343 0.0010073 0.0090031 0.014465 0.0088561 0.0079981 0.0026221 0.020255 0.0019481 0.0011472 0.045582 0.00016304 0.010022 0.0001031 0.0029087 0.0033556 0.022686 0.0099728 0.0062805 0.010806 0.0001306 0.007596 0.0049561 0.00024132 0.01573 0.00017716 0.0060258 0.0028415 0.0024729 6.7763e-07 0.001975 0.011413 5.3633e-05 0.010795 0.0012971 0.0060562 0.0046577 0.015645 0.00028611 0.026511 0.003505 0.010311 0.006165 0.00031743 6.4523e-05 2.2599e-05 0.0073506 0.003652 0.020518 0.00086977 0.02104 0.0072129 0.019836 0.019705 0.0037952 0.0043848 0.013648 0.0083503 0.0066541 0.0038311 0.0042875 0.011287 0.011747 0.0019355 0.0034037 0.0016712 0.011893 0.0027376 0.017888 0.014764 0.002037 0.00070623 0.0048123 0.0033269 0.00041657 0.059694 0.0027051 0.00029899 0.0070419 0.0042092 0.0018263 0.0025431 0.0093252 0.06001 0.034848 0.00046371 0.0011442 0.00048263 2.2663e-05 0.012854 0.0012153 0.0009783 0.00093448 0.00050285 0.0059268 7.2338e-05 0.0034356 0.00017936 0.0036029 0.015706 0.0045117 0.0045484 0.0068256 0.020859 0.03371 0.00069558 0.024374 0.00024539 0.0095662 0.021923 0.0016244 0.0081905 0.020969 0.023037 0.00064905 0.0013562 0.0026431 0.001454 0.0079003 0.00020454 0.0021767 0.016539 0.0036366 0.0080835 0.022871 0.00028938 0.0066138 0.0089453 0.0012014 0.0004255 0.0073932 0.00059854 5.7785e-05 0.0021074 0.0035784 0.054371 0.00069827 0.0016758 0.017693 0.02999 0.011958 0.0081661 0.0021043 0.040454 0.0080623 0.0017337 0.025746 0.0034324 0.014315 0.0007274 0.0007599 0.029218 0.0033961 0.00075461 0.0020652 0.011535 4.6228e-06 0.00075378 0.0028789 0.034074
0.00074563 0.041426 4.7995e-05 0.004999 0.0010629 0.00072851 2.1824e-05 0.06471 0.00025233 1 0.0027897 0.00023325 0.0044352 0.011087 0.00028499 0.00031005 3.0487e-05 0.00096317 0.038506 0.0069992 0.0063008 6.2215e-08 0.03839 0.0023264 0.00044303 0.020011 0.017317 0.049291 0.0016862 0.0032924 0.00040955 0.016028 0.00040646 0.0047586 0.0061261 9.247e-07 0.004082 0.0012132 3.2603e-05 0.0066026 0.00032058 1.7472e-06 0.0030148 0.0031909 0.0099122 0.00066645 0.013279 0.024051 0.0011581 0.0070792 0.0034273 0.047652 0.0007056 0.00043666 3.7782e-05 0.0040633 0.030024 0.014566 0.0051476 0.00088391 0.00024064 0.038017 0.011086 0.022024 0.014933 0.0032817 0.032726 3.0536e-05 0.0017341 0.0051058 0.030064 0.0075105 0.016626 0.017062 0.0027308 0.001901 0.00045341 0.024675 0.013639 0.0056938 0.015314 0.0023454 0.0091634 0.022843 0.014062 0.0044353 0.0059873 0.00334 6.7346e-05 0.0084066 0.0090545 2.2684e-06 0.00060112 0.021594 0.030996 0.033462 0.034062 0.0033575 0.013996 0.0010768 0.00068046 0.016993 0.0064311 0.0078358 0.013842 1.0165e-06 0.00044836 0.0020966 0.025131 0.0077088 0.036792 0.013076 0.00027107 0.01154 0.0020527 0.0039274 0.0001507 0.0067838 0.00076609 0.0047188 0.0023173 0.008152 9.2079e-09 0.0060779 0.00014753 0.0004072 0.024056 0.015967 0.046514 0.00011164 0.0012767 0.00022624 0.0015225 0.0050524 0.0017102 0.0073428 0.022653 0.0082079 0.0012882 0.0023976 0.0057368 0.0017029 0.00036303 0.0026063 0.0041238 0.048248 0.014012 0.011364 0.0086365 0.0010122 0.051941 0.00042404 0.0028365 0.014454 0.014878 0.002295 0.016081 0.001843 0.0068327 3.2835e-05 0.0037708 3.674e-05 0.04968 0.00011686 2.8897e-05 0.009321 6.2645e-05 0.0041301 0.00028157 0.0004546 0.009724 0.023121 0.0030713 0.005358 0.011226 0.0053974 0.050579 0.022019 0.0077501 0.0074714 0.018849 0.0063497 0.0023635 0.0017504 0.00943 0.0039574 1.6276e-06 0.0015286 0.00043326 0.0023884 0.0014099 0.00095715 0.017335 0.062615 0.0015825 0.0075941 5.2292e-05 0.0061862 0.0031845 0.00095431
0.067815 0.0080085 0.02307 0.017116 1.941e-05 0.00056725 0.032915 0.00091141 4.852e-05 0.0027897 1 0.0017177 7.4728e-06 0.02413 1.0493e-05 0.0024035 0.0012093 0.0045129 0.00085242 0.027653 0.00052461 0.00027219 0.0067749 0.014038 0.012148 0.0016189 0.00029058 0.0014872 0.00053905 0.0025045 0.00018641 0.0010169 0.00083045 0.00070842 0.0068536 0.0060975 0.041007 0.00062895 0.015907 0.0016269 0.019791 0.0032356 0.00078514 0.00088429 0.01267 0.0046885 0.0015431 0.007161 0.00079262 0.0028119 0.00059188 0.00094959 0.019029 0.020853 0.0017652 0.037006 0.00012908 0.013187 0.0058535 0.0018404 0.0038829 0.035773 0.0097446 0.0025922 0.041473 0.0012865 0.001153 0.013461 0.015407 0.021336 0.014326 0.0022472 0.0011254 0.040681 0.00018595 0.0017219 0.00229 0.005708 0.0016088 0.00053853 0.013164 0.0024517 0.0017258 0.0080201 0.072955 0.018641 0.010832 0.0026015 0.00013642 7.9317e-06 7.1186e-06 0.004808 0.0002123 8.5174e-05 0.00016126 0.00067349 0.014066 0.00097128 0.0026777 0.011704 6.0594e-06 0.011039 1.3357e-07 0.0017228 0.0006598 0.0061408 0.0019601 0.00011769 0.034937 0.012526 0.0022258 0.010423 0.0001806 0.00054248 0.021885 0.00066528 0.00024921 0.0025848 0.011809 0.022647 0.0080432 0.0085489 0.0048568 0.0012026 0.028136 0.01935 0.0008048 0.027469 0.012082 0.00016065 0.00049688 0.016945 0.0073242 0.0040258 0.00019836 0.0045671 0.0014787 3.2329e-06 6.0657e-06 0.0085342 0.023129 0.0037851 0.00069445 0.018192 0.011197 0.0027883 0.050301 0.0014292 0.00055785 0.014331 0.01491 0.00021296 0.017139 0.0023828 2.7135e-05 7.3541e-05 0.00061493 0.0082865 0.033823 0.0088661 0.00065856 0.019443 0.019755 0.0016488 0.00037272 0.0055941 0.0078075 0.015568 0.024066 0.0037444 0.0061351 0.016583 0.018623 0.00028241 0.00079783 0.016126 0.013804 0.0079081 0.027926 0.0013641 0.0064476 7.6046e-06 0.0056201 0.0091519 0.0036263 0.0006436 0.00017972 0.00085856 0.0014782 8.6659e-05 0.050973 0.006898 0.0032593 0.026932 0.002857 4.9105e-05 1.4695e-05 0.0044202 0.0025014 0.028243
0.0031852 0.013696 0.0066973 0.0087252 0.0043415 0.011721 6.4083e-05 0.018639 0.0023241 0.00023325 0.0017177 1 0.00070119 0.017275 0.0063746 0.0005158 0.01129 0.0034605 0.0012878 0.002874 0.0028543 0.0058616 0.0018328 0.00010017 0.0058182 0.016947 0.0041894 0.012142 0.014888 0.0026541 0.0090347 6.7741e-05 0.00062379 0.01298 0.0010542 0.00206 1.8844e-05 0.01639 0.0034063 0.0056069 0.0099199 0.00086543 0.00010188 0.0083027 4.6394e-06 0.0085308 0.0048102 0.027635 0.001966 0.0085279 0.0068619 0.0013477 0.0052844 0.00018007 0.0076918 0.01506 0.0021897 0.0035239 0.0068004 0.00098683 8.608e-05 0.0027557 0.0048203 0.00057059 0.0010651 0.00020507 0.027387 0.0072033 0.012913 0.018451 0.0019007 0.0027446 0.0075079 0.010388 0.057515 0.014037 0.0031445 0.0046174 0.010691 0.0038289 0.015402 0.016745 7.5704e-05 0.0010342 0.00027864 0.011368 0.00068242 0.00093226 1.1174e-05 0.014283 0.0022494 0.012064 0.0069918 0.0058444 0.00068695 8.5804e-05 0.030984 0.010624 0.0041203 0.022494 0.004517 0.010135 0.02048 0.0065954 0.019265 0.001632 0.0050616 0.00011875 0.014356 0.020332 0.00044036 0.0026847 0.0012738 0.0061066 0.034188 0.00035462 0.0049204 1.429e-06 9.1604e-05 0.0060501 0.0053981 0.00047868 0.00051195 0.0066039 1.8336e-06 0.00098928 0.0017555 0.010101 0.0044717 0.0067281 0.0028225 0.017261 0.011305 0.013186 0.0026367 0.0019119 0.0026161 0.00090778 0.0052411 0.01185 0.00064842 0.0004113 0.0014072 0.010727 0.023267 0.001291 3.2832e-07 2.2204e-05 0.0014556 0.0053148 5.6929e-05 0.0029885 0.013446 0.014236 0.0012992 0.0021065 0.00023357 0.0035439 0.001342 0.020935 0.014578 0.0015558 0.0061001 0.003089 0.016553 0.00033068 0.002953 0.00031444 0.029285 0.007168 0.0093527 0.0016427 5.4827e-05 0.0010322 9.5535e-05 0.0024799 0.019334 0.0012325 0.0052378 0.015806 0.0050133 4.8275e-05 0.00017406 0.025876 0.00060661 0.0072524 0.0088551 0.0070469 0.0033755 0.032555 0.038184 0.00034043 0.0035727 0.0054619 0.029366 0.0089445 4.8331e-05 0.022982 0.002233 0.015542
0.00010286 0.0041983 0.001045 4.1395e-06 0.025447 0.0028309 0.0019169 0.00032407 1.1611e-05 0.0044352 7.4728e-06 0.00070119 1 0.00047077 0.020873 0.011672 0.00021001 0.007452 0.010823 0.0005877 0.013315 0.016302 0.0010465 0.0054481 0.00040622 0.001707 0.00012201 0.051762 0.00034273 7.808e-05 0.0012987 0.00022913 0.0037892 0.030291 0.013224 0.0079213 0.010354 0.0019194 0.0072594 0.00097161 0.010181 0.0072559 0.0013297 0.00073924 0.015212 0.0019418 0.0017534 0.00027872 7.7208e-06 0.002686 0.01661 0.017356 0.0021713 9.9192e-05 0.001387 0.011198 0.00024045 0.00023852 0.00019416 0.012683 0.061328 0.0070332 0.0049583 0.0056543 4.2004e-05 0.00047788 0.00070403 0.0035459 0.00020404 1.7628e-06 0.0041712 0.011876 4.5691e-05 0.007102 0.0012564 0.023983 0.0041777 0.0059531 0.0056411 0.0039286 0.0097044 0.0067877 0.075673 4.0174e-05 0.0046007 0.0076657 1.0236e-05 0.0012294 0.0030093 1.5794e-05 0.0085595 0.00085256 0.019456 0.0070647 0.0015544 0.00037368 0.0052858 0.0015426 0.01275 0.0071903 0.01492 0.0050596 0.021546 0.00058143 0.012811 0.000306 0.0049223 9.8906e-06 0.0021002 0.0013312 0.0016325 0.0055289 0.018104 0.0018111 0.025584 0.0016441 0.0083569 0.0079993 0.057523 0.032715 9.4307e-05 0.0026477 0.00011037 0.038185 0.0049531 0.0029536 0.039507 9.1732e-06 0.0011605 0.0027065 0.0047407 0.038072 0.025577 0.012124 0.00084353 0.00017951 0.0043892 0.00066952 0.018161 0.0038534 0.0026579 0.00045048 0.024936 0.001945 0.019442 0.0017441 0.0014098 0.0086686 0.010204 0.013656 0.028614 0.0079816 0.0075043 0.0006083 0.012137 6.8934e-06 0.0036677 6.565e-05 0.0016113 0.010484 0.0085289 0.015916 0.00026229 6.39e-05 0.00053715 0.00038001 0.013737 0.025867 0.00092674 0.0018452 0.013963 0.00047108 0.0035125 4.6968e-05 0.0092682 0.003605 0.020477 0.022414 0.0050184 0.035449 0.00054018 0.00015505 0.00016534 0.011928 0.0024114 1.5568e-05 0.0025926 0.015699 0.022072 5.037e-05 0.0098944 0.0030156 0.002707 0.014413 0.00090052 0.01271 0.0023437 0.00035124 0.058816 0.0041172
0.0087518 0.0068521 0.0014894 0.001675 0.00026836 0.0022241 0.00024555 0.016164 0.002308 0.011087 0.02413 0.017275 0.00047077 1 0.0037215 0.022269 2.6302e-05 0.019729 0.0061289 0.0069106 0.043706 0.0023389 0.0070255 0.0091472 0.02363 1.8989e-05 0.0099361 0.010204 0.0076945 0.0029709 0.014053 0.00036478 0.0010338 0.0070076 0.0027497 0.0097475 0.014547 0.01526 0.0010673 0.0070638 0.026991 8.6924e-05 0.019046 0.022212 0.0099738 0.00087264 0.034078 0.046903 0.0074898 0.0080006 0.0010132 0.085626 0.0033197 5.9814e-05 0.016955 0.00089983 0.034423 0.011847 0.0017646 0.014507 0.00051151 0.016575 0.0033723 0.0033196 0.017443 0.02156 3.9484e-06 0.017892 0.022872 0.017869 0.068812 3.2839e-05 0.0086534 0.0013433 0.0061977 0.0060192 0.004732 0.0042343 0.00095236 0.00060726 0.026319 0.0024397 0.012358 0.0032157 0.0080751 0.010526 0.019901 0.0088224 0.00033643 0.0050442 0.0067739 0.018618 0.00076451 0.00087091 2.912e-05 0.00015271 0.024358 0.004381 0.0044948 0.024234 0.002863 0.0024027 0.0077606 0.023862 0.032903 0.0098124 9.3422e-06 0.020483 0.00011131 0.00069406 0.026684 0.012225 0.0083561 0.011165 0.011449 0.0059594 0.0085681 7.5339e-05 0.00014919 0.00074896 0.0032558 0.0041217 0.0031746 0.0038192 0.00085415 0.00077408 0.003176 0.00083119 0.0031052 0.0079651 0.0095878 0.0075127 0.026682 0.00032771 6.2328e-06 0.0016899 0.043111 0.0019235 0.011662 0.00061499 0.0018074 1.1536e-05 0.039072 0.0006232 0.00020588 7.4636e-05 0.0033678 0.008833 0.00019104 0.0018802 0.0012561 0.018092 0.00048915 6.7161e-08 0.0080167 0.00033787 0.00029452 0.0074136 0.0069404 3.256e-05 0.034275 0.021775 0.011206 0.0024033 0.00013159 0.0016935 0.014974 0.00031741 0.00033143 0.0094313 0.033182 0.0089421 0.048348 0.0081895 0.021087 0.0074915 0.002026 0.01368 1.8399e-05 0.00047336 0.00015837 0.0059486 1.3302e-06 0.005291 0.0002278 0.0099768 0.045372 0.00047967 0.0044798 0.0074307 0.00033543 0.00010287 0.045418 0.0045138 0.0072643 0.011226 0.00063431 9.2377e-07 0.023804 0.010314
0.020945 0.0017217 0.0040485 0.0009546 0.0022275 0.0018189 0.00084969 0.0057324 0.01 0.00028499 1.0493e-05 0.0063746 0.020873 0.0037215 1 0.0002976 0.0028366 0.0063524 0.0036179 0.039934 0.0039277 0.0077645 0.0056665 6.9551e-05 0.015608 0.0086355 0.010331 0.012247 0.0021646 0.00048386 0.0076673 0.014681 0.00082303 7.0841e-06 0.011524 0.033978 0.0081537 0.0028486 0.0022557 0.00075891 0.00089358 0.01726 0.0016472 0.0085952 0.0032129 0.01996 0.0010278 0.021071 0.0064456 8.8988e-07 9.1339e-05 0.0065268 4.2096e-07 0.0035751 0.0046766 0.0047725 0.015469 0.018588 0.000474 0.008867 0.011641 2.4503e-07 0.0092686 0.00014171 0.0051725 7.8101e-05 0.0082288 2.4184e-05 0.00024199 0.0082799 0.00043417 0.0078389 0.00051721 0.0064725 0.0043518 7.3562e-06 0.0077094 0.010892 0.0033776 0.00027622 0.0037547 0.0030563 1.852e-05 0.0001016 0.018298 1.3006e-05 0.0088426 0.00013346 0.0024088 0.00083321 0.00034836 0.0077928 0.00096993 4.0247e-05 0.00082039 0.001761 1.8355e-05 2.4404e-05 2.5983e-05 0.0036143 0.00035012 0.00094594 0.0031222 0.0052825 0.0013088 0.003945 0.00094567 8.8321e-05 0.00033429 7.6943e-05 0.0014728 0.00045014 0.0019518 0.0054261 0.015973 0.0016353 0.0040038 0.00062498 0.02055 0.0003647 5.2416e-07 0.0061981 0.0075732 0.00031779 0.01029 0.013064 0.0053269 0.00068196 5.8303e-05 0.00028631 0.00029441 0.0015626 0.0066081 0.0067769 9.2738e-06 1.1295e-05 0.015065 0.0018471 0.01003 0.0055777 0.0047374 0.00047757 0.00036932 0.0030643 0.00011747 0.0018044 0.007516 0.015251 2.4029e-05 0.0020802 0.00038923 4.1465e-05 0.0023472 0.002133 0.00018457 0.00039524 1.0847e-08 0.012033 0.00012852 0.044421 2.43e-05 0.0055329 0.00093011 0.0014995 0.010778 0.00013728 0.000191 0.00024509 0.004353 0.0011323 1.3529e-05 0.0016689 0.0061131 0.00025435 0.0021051 5.457e-05 0.00054278 0.011843 0.0068488 0.0024488 0.0072462 8.5956e-05 0.0099648 0.00026987 0.0071144 0.0021702 2.8644e-05 0.00052581 0.00093754 0.00040481 0.0035795 5.0937e-05 0.00020857 1.1417e-05 0.012548 0.0036537 0.0003373 0.0001327 0.0007357 0.0019222
0.00073764 0.0054152 0.0063473 0.0042188 0.011102 0.00019463 0.0025901 0.013291 0.016743 0.00031005 0.0024035 0.0005158 0.011672 0.022269 0.0002976 1 0.0024356 0.0055664 0.025953 0.020249 0.00029812 0.00093253 6.1528e-05 4.4502e-05 0.030292 0.010545 0.0091822 0.032959 0.019553 8.4722e-05 0.0032898 0.027123 2.426e-05 0.032023 0.013914 0.013192 0.0033102 0.016812 0.011196 0.00013249 0.016673 9.4865e-06 0.0029938 0.0018543 7.6178e-05 2.2102e-05 0.0065153 9.7965e-05 0.0078481 0.016605 2.8043e-05 0.0041763 0.089354 0.0071428 0.00038484 0.0086744 0.0045152 0.00013798 0.035896 0.0071587 0.0011626 0.0018648 0.0027834 0.026015 0.0017558 0.0016278 0.01545 0.00032566 0.004793 0.0022552 0.0008824 0.011593 0.0069367 0.0028879 0.0020021 0.00046464 0.010882 0.024841 0.0053255 0.032957 0.0087685 0.0093851 0.0070617 0.013186 9.555e-05 0.0027222 0.032434 0.0014605 0.01801 0.00024004 0.019817 0.00062871 0.013493 0.02544 0.0049465 0.00053157 0.025661 2.9955e-05 0.023191 0.011013 0.00024315 6.1797e-06 0.027891 0.0036028 0.017131 0.00071446 0.0018812 0.00093662 0.010516 8.3103e-05 0.0022817 0.0060073 0.0047751 0.00046675 0.00072174 0.002636 0.0021461 0.0016058 0.0019898 0.024769 0.0014291 0.00011433 3.6074e-08 0.031598 0.019778 0.0032433 0.01792 7.0318e-05 0.0010503 0.0074379 0.025735 0.001861 1.9599e-05 0.0050919 0.001298 0.01677 0.0046195 0.0043575 0.00049749 0.0079602 0.00033432 0.010148 0.0043162 0.0055471 0.0018541 0.0063941 0.018673 0.016797 0.0014106 0.033466 0.012267 0.00059004 0.017006 2.4869e-06 0.0090291 0.00071914 0.0061356 0.037868 0.0075981 0.0028151 0.00088872 0.01311 0.0043244 0.00097827 0.0026255 0.0026995 0.002642 0.0018892 0.011683 0.014065 0.0082612 0.024021 0.011915 0.00305 0.0020248 0.0060333 0.0059166 0.0061065 0.0012351 0.0024923 0.010096 0.033054 0.0013911 0.00043994 0.00051647 0.023503 0.0021107 0.016572 0.00064416 0.041017 0.0040611 0.00080791 9.3352e-05 0.0184 0.0012504 0.0026014 2.0252e-05 0.0079297 0.0051702 0.011231
0.0015925 0.004448 0.00038176 0.00083656 0.00071321 2.1024e-06 0.00019312 0.0031438 0.0055087 3.0487e-05 0.0012093 0.01129 0.00021001 2.6302e-05 0.0028366 0.0024356 1 0.0054334 0.0079748 1.5716e-06 0.0079869 0.0011816 0.011013 0.0002793 0.00073437 0.00015468 0.0021456 0.0044646 0.00079745 0.010664 0.0028891 0.0002059 0.0014128 0.00015456 0.00038066 0.0029902 0.0010731 0.0057769 0.010984 0.002047 0.00034975 0.00071044 0.0017391 0.00022423 7.5799e-05 0.0017207 0.0029292 2.2089e-06 0.002381 0.0012144 0.00045997 0.00084126 0.00076659 0.00086532 0.0011453 0.0047479 0.00042213 0.0009189 0.0060202 0.0094325 0.0036948 0.004757 0.00014802 0.00011554 4.0389e-05 0.0030372 0.0065752 0.00040331 0.0040588 0.00012457 6.0862e-05 0.0024132 2.6882e-05 0.00029936 0.00061657 0.0016256 0.0016202 0.00076896 0.0018377 1.8649e-05 4.392e-05 0.0045929 0.0016028 5.6148e-05 2.9591e-05 0.00056101 0.0032097 6.7846e-05 0.00058576 7.9055e-05 6.0275e-05 0.00057512 0.00086734 0.0050443 0.00025408 0.00059534 0.0013689 0.00037633 2.412e-05 0.0014107 0.0010617 1.3868e-05 0.0016959 0.0031708 0.0003334 0.0046253 0.00070927 0.002086 0.0014938 0.0060554 0.0035725 0.016096 5.0325e-06 0.00028977 0.00059258 0.00010531 0.0065924 0.00053663 0.0001229 0.0023966 0.0017159 0.0026266 5.5414e-06 0.0072451 0.00061659 0.0050292 0.0043083 0.0013654 0.0033576 4.1131e-07 0.00023094 0.013939 0.0023398 0.0031422 0.0029612 0.0010509 0.0076122 1.9632e-05 8.1008e-07 0.00019179 0.0021536 0.00099053 3.5566e-05 0.0041995 0.0011829 0.0016581 0.0022919 0.0071381 0.0033966 0.0011142 0.0054088 0.00043713 0.0088222 0.00013127 0.0019174 0.0035501 0.00013806 0.0011739 0.00035739 5.1873e-08 0.0048211 0.0015031 0.00011922 0.0018914 0.00095248 0.003079 0.0045797 0.00012803 0.00019249 6.2924e-05 5.1427e-05 0.0013178 0.0015011 8.5515e-05 0.0035003 0.00067278 0.0014783 0.0064524 0.010521 7.5565e-06 0.0048166 0.00047697 0.00085887 0.0027313 0.0020444 0.0082481 5.3572e-05 0.0030366 0.0029176 0.0002812 0.0051092 0.00049602 0.00053283 0.0007964 0.0015198 0.00026763 0.00017951 0.00068232 0.0043614 0.0023795
1.058e-05 2.0603e-06 0.00025621 0.0067591 0.0055979 0.00092362 0.0026527 0.00089642 0.0012455 0.00096317 0.0045129 0.0034605 0.007452 0.019729 0.0063524 0.0055664 0.0054334 1 0.032506 0.023572 0.0010679 0.010075 0.014769 0.0067775 0.021964 0.010166 0.011623 5.0747e-06 0.053056 0.00018575 0.001989 0.0042063 2.1479e-05 0.00031019 0.0003292 0.00035089 0.034986 0.021063 0.0048807 0.0045537 0.00070842 0.0038849 7.5133e-05 0.0013179 0.00085006 0.002358 0.0025781 0.012809 0.0034467 0.00014833 0.029834 0.0014423 4.7929e-06 0.00040213 0.00902 0.01086 0.005032 0.00051749 5.0465e-05 0.0027989 0.0047017 0.00011333 0.024416 0.0062706 0.014821 0.00010919 0.00025341 0.009224 0.0021116 0.041126 6.5348e-08 0.015209 0.0022742 0.00018805 0.00050943 0.028055 0.01606 0.0024839 0.0064118 0.00069225 1.2959e-05 0.0084508 0.0071627 0.023715 0.00012392 0.016672 0.0085207 0.00019287 2.544e-05 0.0091746 0.00019299 0.0024328 0.0043156 4.3916e-05 0.034495 0.049132 7.8548e-05 0.0013982 0.012356 0.0011968 0.0032994 0.00052305 0.0056423 0.00020377 0.0071261 0.014825 0.00098839 0.0066506 0.0023742 0.00028703 6.7664e-05 0.021784 0.040965 0.0014638 0.0076674 0.015935 3.3416e-05 0.015644 0.014633 0.0010071 4.2465e-05 0.00039633 0.0012756 0.0095381 0.0013183 0.00074215 0.032763 0.0037139 3.1647e-05 4.1217e-08 0.00072337 0.0092361 0.0086811 0.026913 0.021531 0.0062176 0.025545 0.0077318 0.00073306 0.0040351 0.0074254 0.0034769 0.0088003 0.02025 0.0023417 0.011932 0.00069872 0.0037586 0.010635 0.020049 0.020933 0.001757 0.0047275 0.0053316 0.014014 0.0016682 0.0060957 0.0013546 0.0034033 0.012334 0.0089181 0.00090058 8.1973e-05 0.004793 0.00074224 0.00047149 0.0056827 0.0041349 0.0024804 5.5809e-05 0.0075305 0.0035763 0.0052143 8.8141e-05 0.0033067 0.040467 0.0005862 0.013437 0.0020192 0.0075801 0.0021429 0.0048036 0.009124 0.0018009 0.002033 0.013745 0.020408 0.044126 0.0056978 0.037295 3.1687e-05 0.0023604 0.0050855 0.0075326 0.0074936 8.5996e-06 6.2471e-05 0.0020588 0.0021838 0.00027822
3.8205e-05 0.012592 0.00049047 4.0875e-05 2.4831e-08 0.02836 0.0052048 0.0099755 0.012597 0.038506 0.00085242 0.0012878 0.010823 0.0061289 0.0036179 0.025953 0.0079748 0.032506 1 0.0096708 0.00062996 0.00047944 0.0020932 0.016042 0.001433 0.0090866 0.00010227 0.0027371 0.0016133 0.026507 0.00020894 0.0051486 2.4224e-05 0.00064053 0.0025771 0.0023354 0.018203 0.014522 0.012913 0.0038134 0.0049041 0.00024712 0.0075476 8.2969e-05 0.00051188 0.00094481 0.0032321 0.0021361 0.0049431 0.00018164 0.0022698 0.012942 0.0008554 0.0067086 0.0060612 0.0025558 0.00014559 0.0044498 0.0097887 0.024068 3.3771e-05 0.0057222 0.0099356 0.0010083 0.06228 0.024214 0.0037081 3.0831e-05 0.00025807 0.041696 0.0024373 0.0036468 0.00016214 0.0018904 0.011258 0.014448 0.0079614 0.0004419 0.004123 0.010092 0.0024307 0.0076178 7.4213e-08 0.0038526 0.014449 0.0022172 0.017484 0.0079102 0.0012728 0.01085 0.0036878 0.011538 0.0024426 0.008735 0.012315 1.8931e-06 9.2559e-05 0.0013068 0.0055366 0.0025802 0.01776 0.0064709 0.0014161 0.057502 0.0012397 3.4041e-06 0.024146 0.011923 0.015411 0.00069318 0.030892 0.00293 0.00052512 0.001408 0.00092159 0.0080616 0.010796 0.021031 0.0069508 5.3608e-05 0.00026649 0.00099003 0.0079768 0.045043 0.0019814 0.020423 0.00020334 0.0066723 0.0040647 7.6918e-06 0.0074349 0.00080818 0.00093975 0.048491 0.00094625 0.0042907 0.025043 0.0078259 0.007718 0.0010358 0.0013985 0.0010138 0.0031782 0.051712 0.0037267 0.0042694 0.0029866 0.00038017 0.00086601 0.00059505 0.00015221 6.7662e-07 0.032667 0.013183 0.01082 0.0016358 0.0105 0.0042663 0.013738 0.03098 0.0043645 0.018441 0.0014589 0.00089756 0.0094978 0.0010439 0.00046511 0.018222 0.0047394 0.006178 0.016144 0.01072 0.00021831 5.0761e-06 0.024097 0.00010665 0.06269 0.018308 0.0001007 0.0051849 0.006186 0.00064413 0.0031749 0.0038841 0.005393 0.0070253 5.1311e-05 0.0022247 0.0075388 0.015776 0.007026 0.0056124 0.00065074 0.0042903 0.049783 0.0069131 8.2235e-06 0.013791 0.0023144 0.0052153
0.00048201 0.00011897 0.0012351 0.026665 0.0013032 0.016405 0.0065262 0.0023956 0.035933 0.0069992 0.027653 0.002874 0.0005877 0.0069106 0.039934 0.020249 1.5716e-06 0.023572 0.0096708 1 0.0028917 0.00041357 0.0011887 0.0015201 0.0051978 0.0090277 0.0038159 0.0022134 0.027777 0.0049994 0.004557 0.019388 0.0061873 0.00045791 0.0004224 0.0027683 0.0038864 0.030347 0.0044348 0.0016697 0.025364 0.00025497 0.015124 0.0004821 0.00013284 0.005001 0.0042622 0.033841 0.011151 0.016691 0.040974 0.00026114 0.0015327 0.0037893 0.022017 0.0021812 0.0021784 0.0064956 0.0029296 0.003189 0.034271 0.015402 0.015726 0.034833 0.010085 0.028608 0.0022979 0.0025719 0.0032806 0.012006 0.00056256 0.0012999 0.0064913 0.00061987 0.017037 0.00060091 0.0034495 0.0047757 0.00015592 0.00049076 0.012054 0.013091 0.0071774 0.020368 0.0095294 0.0055864 0.00514 0.013659 0.014064 4.2093e-06 0.00082408 0.0091169 0.0081113 0.0012594 0.0080306 0.00045132 0.0026371 0.0071204 0.020461 0.00046471 0.0090557 0.0057987 0.026417 0.0014489 0.00045038 0.0033527 0.011893 0.0004962 0.0035151 0.00053213 0.0023372 0.024932 0.019255 0.00085446 0.00030364 0.0007991 0.00010254 0.00057753 0.0095737 0.0034819 0.0012536 0.0087372 0.00045547 0.020817 0.0022347 0.0017677 0.0014847 0.028335 0.0018273 0.00083798 0.0074127 0.0021111 0.0028599 0.0014733 0.0069688 0.0043936 0.0022311 0.015822 0.0068308 6.4457e-05 0.017139 0.011195 0.0012678 2.5507e-05 0.00074741 2.8729e-06 0.054321 0.025144 0.019326 0.010413 0.00084671 0.0095932 0.037958 0.0082095 1.169e-06 0.0093688 0.00047315 0.030049 0.0052451 0.0015109 0.0011766 0.002944 0.0064614 9.8322e-05 0.0075667 0.0019285 0.011179 9.8501e-05 0.015889 1.4861e-05 0.032596 0.005245 0.0084769 0.00011552 8.5219e-05 0.00024896 0.00076163 6.4031e-06 0.018509 0.0060031 0.0076123 6.776e-05 0.010202 0.002805 0.0057541 0.0017715 0.0020219 0.00055056 0.00015277 0.037595 0.00056187 1.6164e-07 9.6629e-05 0.0012957 0.042974 0.0082058 0.0008968 0.0015093 0.0012553 1.6783e-05
