200
1 0.00014643 0.068546 0.006335 0.0033228 0.0054434 2.4157e-05 0.0061142 0.052413 0.0065638 0.014026 0.060999 0.15413 0.10867 0.00070432 0.00021842 0.0035699 5.6696e-05 0.060102 0.0099631 0.012179 0.020747 5.4887e-05 0.011411 0.0057205 0.0012994 0.011394 0.036995 0.08139 0.01314 0.012117 0.026333 0.0014466 0.024155 0.010881 0.0099587 0.0074126 0.048529 0.0012825 0.074822 0.07294 0.0024744 0.0051557 0.055697 0.081972 0.035383 0.036247 0.017375 0.038098 0.00024487 0.1118 0.14119 0.02509 0.0025068 0.089495 0.023573 0.00096213 0.020092 0.0099846 0.07638 0.034906 0.05172 0.0036039 0.013126 0.10483 3.1283e-05 0.22007 0.013529 0.003233 0.039936 0.29267 0.019921 0.00023996 0.0062174 0.25401 0.0060968 0.020633 0.034859 0.036081 0.026631 0.045256 0.015147 0.013125 0.058781 0.0043689 0.010904 0.0674 0.0088627 0.0095542 0.00014513 0.0044578 0.036511 0.0025934 0.072468 0.064038 0.079041 3.4876e-05 0.034986 0.028037 0.062801 0.014641 0.02283 0.064653 0.021022 0.00013469 0.00012899 0.053308 0.002913 0.00022692 0.00028208 0.003855 0.043311 0.0051936 0.0046165 0.025276 0.0029969 0.0066901 0.03311 0.0013944 0.12151 0.10642 0.0098479 0.011953 0.017676 0.0094865 0.0055798 0.070226 0.011137 0.014286 0.0052329 0.0019495 0.0020375 0.018564 0.0064541 0.0030292 0.1669 0.037929 0.13312 0.00094848 0.00058634 0.035432 0.0072879 0.14705 0.071844 4.8343e-06 0.1289 0.11101 0.00070958 0.0019548 0.12193 0.047137 0.00018764 0.020843 0.12836 0.046397 7.0873e-05 0.011888 0.0011152 0.092557 0.0042716 0.085986 0.011777 0.0086273 0.0056246 1.1616e-05 0.017775 0.22101 0.0051496 0.0020217 0.0089195 0.004922 0.000314 0.0086862 0.074634 0.028017 0.0802 0.0049968 0.0011687 0.069593 0.032686 0.011079 0.0012386 0.0044526 0.009196 0.069941 6.6923e-05 0.033395 0.011846 0.01714 0.042343 0.07325 0.035988 0.0016134 0.0025137 0.059779 0.076475 0.086679 0.073891 0.077958 0.053882
0.00014643 1 0.0078012 0.0031617 0.0012447 0.11223 0.054558 0.020653 0.10323 0.096802 0.0018088 0.00072793 0.025817 0.012964 0.0069987 0.03739 0.01192 0.12097 0.077984 0.00019318 0.076278 0.011996 0.0063802 0.017801 0.033944 0.040137 0.04099 0.020359 0.012584 0.011476 0.0024713 0.085967 0.034049 0.010998 0.0027385 0.0040633 7.7398e-06 0.031429 0.082201 0.10466 0.16072 0.049791 0.13142 0.04438 0.077108 0.034675 0.13331 0.001676 0.0061727 0.17977 2.6712e-05 0.023205 0.23446 0.003474 0.10954 0.040698 0.017037 0.059147 0.047179 0.0026624 0.046019 0.0083191 0.030961 0.027277 0.045582 0.01451 0.056938 0.18053 0.038535 0.065259 0.001194 0.051632 0.10901 0.0058292 0.050644 0.0051485 0.0035981 0.00090537 0.011594 0.019282 0.011324 0.047272 0.095086 0.0048425 0.018688 0.00077642 0.0049855 5.4891e-05 0.099325 0.18832 0.057878 0.13436 0.051053 0.15056 0.00036991 0.0010991 0.021435 0.025191 0.019328 0.047846 0.0013623 0.0046649 0.0071804 0.013859 0.07107 0.0011363 0.00077233 0.030587 0.0033892 0.00014981 0.19076 0.00018836 0.0059821 0.031642 0.26097 0.050593 0.012069 0.00018576 0.13678 0.00074914 0.007658 0.26545 0.095881 0.030268 0.1221 0.02244 0.15705 0.031499 0.059968 0.08458 0.027008 0.07045 0.070789 0.00442 0.0086696 0.16068 0.0027833 0.049118 0.04234 0.0024977 0.0051049 0.011606 0.020154 0.0037305 0.022166 0.0060001 0.00054549 0.016394 0.16269 0.19905 0.019897 0.00012774 0.019189 0.015793 0.013868 0.097088 0.017867 0.021957 0.0038028 0.034548 0.0034758 0.13756 0.00068328 0.0096068 0.0011655 0.0017538 9.7877e-05 0.048883 0.036538 0.023242 0.048645 0.0010543 0.012261 0.013272 0.00042374 0.0053331 0.052663 0.023872 0.10967 2.7703e-06 0.065024 0.0017898 0.084036 0.017265 0.00055021 0.029012 0.018445 0.00020761 0.23541 0.1556 0.0039324 0.1759 0.014948 0.0013297 0.016943 0.18549 0.0057303 0.11446 0.16264 0.0028336
0.068546 0.0078012 1 0.047716 0.0018721 0.0679 0.013174 0.053281 2.7009e-05 0.14862 0.018312 0.039934 0.00016589 0.087502 0.050416 0.042649 0.2191 0.022301 0.020609 0.024795 0.075217 0.00071315 0.026057 0.00044956 0.026801 0.0035514 0.00060868 0.18739 0.040294 0.024734 0.025964 0.0087859 0.0015019 0.060271 0.0052051 0.00053779 0.019573 0.03836 0.26731 0.019375 0.035304 0.0059728 0.068341 0.02922 0.0069381 0.10682 0.019484 0.0029734 0.006376 0.00052756 0.056992 0.0051043 0.045142 4.1565e-06 0.0090356 0.019036 0.0056346 0.041858 0.0018216 0.040297 0.08313 0.042391 0.027913 0.07643 0.0025326 0.017005 0.015199 0.058078 0.050536 0.036858 0.1941 0.0021629 0.00091688 0.081429 0.0012425 0.036354 0.004297 0.022356 0.0043764 0.043384 0.001241 0.059914 0.010167 0.074851 0.050621 0.010091 0.0032027 0.0051081 0.02424 0.17751 0.0049108 0.069726 0.012643 0.0093744 0.015276 0.011385 0.062741 0.0058818 0.0054976 0.048137 0.0042755 0.0039635 0.000443 0.020816 0.090472 0.031587 0.11383 0.054032 0.00089053 0.0051617 0.0025991 0.03498 0.0060981 0.0086464 0.00033045 0.00096529 0.023989 0.087406 0.1301 0.0117 0.093581 0.030056 0.012662 0.04067 0.0060999 0.21367 0.00054648 0.022859 0.011862 0.0063895 0.015071 0.00095543 0.00039585 0.0013767 0.001709 0.062898 0.0086756 0.01705 0.015543 0.0022638 0.06389 0.00037 0.0023182 0.0549 0.010701 0.05469 0.022716 0.019771 0.023776 0.00023506 0.031355 0.010847 0.012168 0.078417 0.028186 0.0002974 0.0035013 0.017837 0.043863 0.064892 0.0090157 0.15296 0.054247 0.006038 8.0435e-05 0.019576 0.081741 0.046797 0.00059413 0.0023457 0.036231 1.857e-06 8.3939e-05 0.094843 0.039101 0.0006939 0.001821 1.5526e-05 0.053592 0.0043189 0.0012326 0.010781 0.011385 0.021247 0.077641 2.9356e-05 5.8812e-06 0.0024286 0.039097 0.00043901 0.055893 0.0056973 0.0063373 0.010593 0.10774 0.080321 0.007386 0.012492 0.016658 0.033672
0.006335 0.0031617 0.047716 1 0.0060342 0.0041169 3.1953e-07 0.082339 0.06657 0.09538 0.014012 0.0069166 0.056868 0.012039 0.00039155 0.00571 0.064246 0.0009686 0.0025992 0.19183 0.00030404 0.047082 0.011559 0.12993 0.039816 2.6197e-06 0.00017711 0.10274 0.0017685 0.0010703 0.039895 0.0023064 0.016136 0.014511 0.087957 0.0060588 0.042809 0.065967 0.01075 0.0019874 0.022646 0.0011469 0.029887 0.16276 0.046348 0.0084186 0.016681 0.095282 0.0062857 0.027139 0.00094743 0.03779 0.0023163 0.041536 0.0088464 8.291e-07 0.00095968 0.00047149 0.00090125 0.13654 0.027073 0.10276 0.0061324 1.6648e-05 0.00094988 0.0019127 0.012059 0.025408 0.085913 0.022504 0.00071676 8.4971e-06 0.00045524 0.0025496 0.025959 0.079222 0.011141 0.024928 0.0025487 0.00015301 0.04114 0.04926 0.01133 0.0042418 0.037987 0.043613 0.0037245 0.022722 0.0096724 0.049488 0.006257 0.014283 0.030763 0.033056 0.0098444 0.0033287 0.10942 0.018527 0.0058826 0.03364 0.26443 0.085322 0.041831 0.020323 0.051779 0.0031846 0.017782 0.0041739 0.013438 0.054262 0.021981 0.056008 0.0081458 0.00090894 0.0015068 0.095502 0.024844 6.4303e-05 0.017808 0.014525 0.056327 0.00013336 0.020947 0.034232 0.039782 0.10012 0.0014341 0.045425 0.0022544 0.00017867 0.0025574 0.00013759 0.052958 0.061528 0.027048 0.0036238 0.00083573 0.026913 0.00056695 0.0085118 8.453e-05 0.032378 0.025492 0.019973 0.0085305 0.12475 0.0095231 0.0028879 0.026485 0.0048918 0.0002609 0.0043256 0.013984 0.20084 0.01045 0.061858 0.00444 0.0023411 5.9079e-05 0.024965 0.0021574 0.00014192 0.029265 0.0060159 0.013694 0.095783 0.064473 0.00023349 0.0022562 0.00089394 0.16799 0.013443 0.062925 0.0011798 0.0072503 0.10988 0.077282 0.071383 0.011594 0.001214 0.034417 6.0228e-05 0.00088449 0.00091226 0.0040531 0.0024948 0.059263 0.0095437 0.0076833 0.018289 0.0066691 0.11819 0.010146 0.0026627 0.02555 0.024876 0.02678 0.049645 0.027081 0.001946
0.0033228 0.0012447 0.0018721 0.0060342 1 0.0020722 0.0013006 0.007122 0.00090643 0.012654 0.012619 0.0031537 0.052892 0.0052719 5.637e-05 4.0768e-06 0.011763 0.018156 0.00018614 0.0090668 7.2347e-05 0.015572 0.012836 0.00069685 0.0013219 0.00028092 0.0036798 0.00068449 0.0076462 0.019529 0.042173 0.0015116 0.00044629 0.0066807 0.00010614 0.0027827 0.0017244 1.9048e-05 0.004615 0.00094683 0.00029237 0.0018685 1.1861e-05 0.017525 0.0051225 0.00011992 0.0054772 0.024859 0.0054985 0.012282 2.5081e-05 0.011059 7.3606e-05 0.015807 1.0451e-05 0.00036312 0.0024477 0.04527 8.0863e-05 1.8416e-05 0.0054505 0.012964 0.0071548 0.00064231 0.018711 0.016635 0.020406 0.0015727 0.0025497 0.0097656 0.0020098 0.0076863 0.010563 6.5568e-05 0.003332 0.013161 0.0033997 0.0057164 0.013042 0.0079413 0.00557 0.00010038 0.024818 0.0048043 0.0011265 0.010795 0.0024262 0.014336 0.0061621 8.9708e-05 3.7749e-05 0.019958 0.033599 0.01919 0.0068536 0.0045812 0.001122 0.00040237 0.034565 0.0089054 0.0031916 0.0017046 0.0054708 0.00089333 0.002562 0.015811 0.0022888 0.00043067 0.0089988 0.0013485 2.3006e-05 0.0027965 1.6373e-05 0.022634 0.011166 0.023803 0.02861 0.0017933 0.0028067 0.0058402 0.012533 0.005942 0.00091322 0.00016388 0.00077153 0.018379 0.0046168 0.0025497 0.0014978 0.0048476 0.028093 0.010654 0.022629 0.0029362 3.4815e-05 0.0036464 0.012887 0.035737 0.0018798 0.0015034 0.0017017 0.0043917 4.9711e-05 0.0011592 0.00074989 2.5578e-05 0.0003017 0.0018223 0.019903 0.0051782 0.0030113 0.0011269 9.4503e-06 0.009897 0.015437 0.0064301 0.021974 0.03444 0.003287 0.0001391 0.0016983 0.0046405 0.00018827 0.017617 1.8937e-05 0.00013585 0.012459 0.0014216 7.246e-06 0.00019443 0.018467 3.0814e-05 0.0041188 0.0002708 0.016692 0.0032805 0.010106 0.0010959 0.018178 0.0012637 0.00024734 0.0030425 0.018745 0.0096844 0.0045371 0.0022381 0.0016574 0.032576 0.011904 0.00040927 0.0038026 0.0014917 0.00085187 0.006827 1.1946e-05 1.867e-05 0.001939 0.0032793 0.0028915 0.010939
0.0054434 0.11223 0.0679 0.0041169 0.0020722 1 7.4832e-05 0.00078507 0.0080151 0.010208 0.012654 0.02682 0.0068889 0.0022289 0.044139 0.0013661 0.00012308 0.047391 0.012343 0.045188 0.14649 0.049038 0.04862 0.086935 0.029001 0.0078277 0.011243 0.082848 0.0099688 0.1351 0.034499 0.0033081 0.019089 0.0056348 0.0002128 0.01981 5.352e-05 0.0013167 0.14134 0.008642 0.065774 0.00015374 0.0017755 0.072995 0.029451 0.24726 0.00016745 0.18411 0.010578 0.19981 0.012791 0.0015421 0.038822 0.0001783 0.0074856 0.12621 0.037517 0.023389 0.0060085 0.0013978 0.016276 0.012798 0.0071676 0.15898 0.1115 0.0084892 0.059239 0.08381 0.17775 3.5997e-05 0.060616 0.032553 0.0046252 0.032686 0.041288 0.1169 0.014976 3.5111e-05 0.069192 0.10569 0.018134 0.11153 9.3272e-05 0.021001 0.027877 0.058439 0.00066667 0.13608 0.23704 0.0012864 0.11122 0.047003 0.021875 0.00042858 0.010439 0.051325 0.039886 0.049082 0.083852 0.0035143 0.00053909 0.0074068 0.005833 0.068231 0.0017984 0.0017018 0.022938 0.018927 0.0649 0.046077 0.06912 0.039861 0.010347 0.091644 0.038778 0.011076 0.05406 0.058779 0.0097384 0.10279 0.059697 0.2357 0.18157 0.12806 0.11993 0.015273 0.017724 5.9035e-07 0.08118 0.047054 0.0096836 0.0064045 0.00094899 0.010568 0.017706 0.028676 0.021524 0.00017707 0.080493 0.039517 0.080687 0.10896 0.0023405 0.14577 0.1189 0.026053 0.0023712 0.01352 0.11134 0.010152 0.12307 0.00049964 0.00095231 0.017988 0.043209 0.019583 0.053334 0.0079599 0.055677 0.039776 0.0041204 0.017431 0.010542 0.0074579 0.0031483 0.00061748 0.0029829 0.019664 0.0034041 0.088018 0.0014215 0.057151 0.0061976 0.00088275 0.0074251 0.025391 0.0035104 0.27427 0.02354 0.028531 0.0056393 0.00012621 0.0026878 0.018982 0.020941 0.046991 0.023262 0.0023151 0.14094 0.0014685 0.065857 0.086061 0.023427 0.063555 0.061838 0.062334 0.0010778 0.043528 0.033238 0.079378
2.4157e-05 0.054558 0.013174 3.1953e-07 0.0013006 7.4832e-05 1 0.00021976 0.0080823 0.017691 0.0251 0.078315 0.014601 0.013874 0.013602 0.00012995 0.024697 0.0001038 0.0051999 0.15767 0.0048723 0.02548 9.9672e-05 0.088406 0.022149 0.0001515 0.003576 0.067402 0.019253 0.01401 0.00070861 0.24234 0.01832 0.00056287 0.00014784 0.027732 0.0022391 0.006938 0.00077207 0.062674 0.011275 0.014775 9.5147e-05 0.002968 0.013003 0.010528 0.033737 0.0039122 0.18314 0.011036 0.005883 0.027997 0.13162 0.034059 0.0039943 0.18195 0.04461 0.051683 0.05128 0.030387 0.1484 0.0011731 0.074367 0.043046 0.11185 5.9128e-05 0.01173 0.084376 0.010306 0.0051291 0.040599 0.0012502 0.14707 0.1309 0.0011269 0.049924 0.00068991 0.083423 0.0029504 0.0010851 0.079834 0.043276 0.12118 0.00014967 0.056884 0.14003 0.0058436 0.0082049 0.017625 0.011277 0.010693 0.092234 0.0026632 0.004163 0.011435 0.026284 0.01694 0.044468 0.053912 0.00053553 0.013199 0.036707 2.6505e-05 0.19685 0.14021 0.043512 0.00012424 0.022649 0.034924 0.11433 0.053059 0.13874 1.1149e-05 0.14101 0.23109 0.080095 0.061487 0.013632 0.021404 5.7004e-05 0.016514 0.065268 0.15379 0.0076009 0.044331 0.023675 0.10204 0.0057254 6.6877e-06 0.0070364 0.0049117 0.092777 0.001876 0.0071746 0.076676 0.1373 0.00031224 0.076556 0.0056941 0.0058313 0.077873 0.0030226 0.025734 0.023117 0.001631 0.0011401 0.037794 0.024402 0.0018949 0.048064 0.026479 0.00554 0.089058 0.0026403 0.11674 0.058596 0.047435 0.010598 0.00022657 0.18733 0.11056 0.015381 0.062895 0.019162 0.0060057 0.0025706 0.0049575 0.25025 0.0033894 0.015227 0.0024637 0.0072742 0.035951 0.0038974 0.013629 0.0010656 0.023119 0.0015123 0.00020422 0.024029 0.00461 0.013019 0.029041 0.056725 0.0036091 0.028644 0.0061394 0.10872 0.0086466 0.087475 0.0076686 0.012895 0.0018201 0.01376 0.15308 0.084689 0.044576 0.0077039 0.03199 0.0095246
0.0061142 0.020653 0.053281 0.082339 0.007122 0.00078507 0.00021976 1 0.054788 5.3758e-05 0.030294 0.0010205 0.020994 0.032461 0.040639 0.062669 0.079895 0.044723 0.035665 0.058259 0.12826 0.0075133 0.075144 0.0024408 0.021517 0.0020498 0.060502 1.7345e-05 0.20683 0.0043709 0.03502 0.16919 0.014263 3.099e-05 0.044895 0.026768 0.0027195 0.0043517 0.018304 0.01934 0.0056323 0.034871 0.045327 0.040087 0.015659 0.0078712 0.024931 0.059103 0.00094333 0.0030831 0.0097752 0.0052313 6.5423e-05 0.021713 0.012279 0.072621 0.011092 0.029594 0.051263 0.014735 0.011439 0.097649 0.00073896 0.069884 0.0048413 0.054359 0.0017755 0.0021103 0.10484 0.0037289 0.0053975 0.038978 0.0021834 0.021303 0.026958 0.1144 0.029381 0.014151 0.077801 0.0045582 0.046337 0.013007 0.0023345 0.39662 0.046764 0.057318 0.15602 0.046305 0.00098688 0.073825 0.0011968 0.070342 0.02424 2.8078e-06 0.011241 0.0080758 0.0078978 0.034865 0.031634 0.084 0.22166 0.0078004 2.9193e-05 0.00048875 0.034943 0.037239 9.3691e-05 0.0018733 0.2872 0.001651 0.005179 0.0018583 0.0020509 0.0030084 0.013767 0.00064414 0.052876 0.00050888 0.029086 0.021293 0.011827 0.0020694 0.0026274 4.1031e-05 0.00080798 0.0088897 0.12642 0.30368 0.0036425 0.097651 0.035475 5.4912e-06 0.0013952 0.021101 0.21887 0.00054571 0.023312 0.0021948 0.00035066 0.24141 0.19074 0.030228 0.0035296 0.028963 0.016519 0.032615 0.0049944 0.012584 0.026552 0.054708 0.022413 0.0012621 8.2745e-05 0.24647 0.21178 0.036443 0.023572 0.0073457 0.061395 0.023152 0.006226 0.00074365 5.323e-05 0.15441 2.7263e-05 0.13611 0.000361 0.016043 0.0013087 0.040054 0.0066498 0.092302 0.039275 0.035955 0.060964 0.03034 0.043962 0.0077801 0.17026 0.11303 0.012759 0.0094683 0.00065839 0.055929 0.0065996 0.031831 0.011829 0.08215 0.029246 0.39601 0.062998 0.00089985 0.012056 0.1246 0.0059996 0.0021611 0.019682 0.024352 0.0031533 0.0047641
0.052413 0.10323 2.7009e-05 0.06657 0.00090643 0.0080151 0.0080823 0.054788 1 0.0062066 0.00011194 0.086079 0.013369 0.051998 0.0012217 0.010834 0.0077062 0.0020152 0.046992 0.22537 0.00018755 0.0011168 0.071158 0.0070479 0.010377 0.0035749 0.0084886 6.5276e-06 0.017449 0.044193 0.046708 0.00089802 0.10933 0.055503 0.0036605 0.0085232 0.015455 0.045945 0.070076 0.0044159 0.046907 0.03026 0.25362 0.0044121 0.14854 0.02604 0.10305 0.012189 0.037419 0.031444 0.023917 0.11338 0.019719 0.0085228 0.0009037 0.085278 0.0064527 0.0022668 0.014399 0.011445 0.00053961 0.19777 0.057675 0.030192 0.070014 0.0076729 0.00031654 0.0016149 0.43746 0.00079308 0.013495 0.0048491 0.028514 0.0077428 0.24747 0.0014013 0.0042755 1.0578e-05 0.03031 0.023724 0.074781 0.00087423 0.063528 0.024952 0.0222 0.012521 0.029326 0.076189 0.0018561 0.074583 0.038735 0.127 0.032831 0.11128 0.05751 0.0051941 0.14549 0.0028788 0.23962 0.12722 0.0098571 0.061297 0.10262 0.019291 0.31301 0.077705 0.012986 0.00282 0.0011576 0.024164 0.0063452 0.014803 5.4715e-05 0.030606 0.026595 0.021272 0.083733 0.022165 0.10074 0.0057976 0.0048542 0.020923 0.0042578 0.12865 0.072272 0.0019111 0.15437 0.026846 0.091807 0.0014668 0.018511 0.035866 0.041488 0.0035487 0.0088589 0.11193 0.0057817 0.01181 0.019201 0.0068214 0.00032883 0.028543 0.032485 0.00054908 0.015451 0.0063079 0.11719 0.015504 0.18303 0.18207 0.0057862 0.011698 0.00090136 0.072668 0.0036827 0.16597 0.00083378 0.0050742 0.023575 0.00073367 0.00028129 0.00070533 0.027129 0.00076952 0.013803 0.012806 0.074283 0.010498 0.017484 0.0068551 0.025484 0.0080315 0.053644 0.00017442 0.006517 0.029208 0.09584 0.0063514 0.021483 0.13315 1.9783e-05 0.002332 0.023464 0.0034533 0.031574 0.0024714 0.057861 0.25355 0.042924 0.14591 0.019965 0.063868 5.9743e-06 0.060429 6.9954e-05 0.00090006 0.0021031 0.012799 0.04788 0.012935
0.0065638 0.096802 0.14862 0.09538 0.012654 0.010208 0.017691 5.3758e-05 0.0062066 1 0.036162 0.0087539 0.18896 0.003295 0.0039838 0.030015 0.020313 0.019644 0.091354 1.1437e-05 0.020131 0.020331 0.059159 0.19024 0.10441 0.0032761 0.11712 0.032999 0.092557 0.065609 0.01622 0.042937 0.00028189 0.00050651 0.010311 0.02142 0.028606 3.5963e-05 0.031467 0.022581 0.015616 0.012577 0.022643 0.046378 0.018641 0.0006289 0.00013704 0.00053841 0.0058714 0.0009164 0.016516 0.14906 0.00069262 0.016893 0.0011555 0.00037594 0.0010382 0.047382 0.024132 0.070298 0.056617 0.037753 0.074511 0.067954 0.16734 0.0060732 0.015052 0.016424 0.024087 0.042887 0.03395 0.0036092 0.0071299 0.052293 0.0040063 0.00030271 0.036949 0.026083 0.0017076 4.905e-07 0.0029786 0.05718 0.0027402 0.0064247 0.0031624 0.027701 0.002152 0.02072 0.034417 0.1033 0.0044072 0.080447 0.0010274 0.066856 0.0096636 0.057862 0.091288 0.0045886 0.0036931 0.0054092 0.061854 0.0002768 0.00030505 0.031402 0.06178 0.082779 0.012288 0.0084828 0.023388 0.13095 0.00017712 0.0040641 0.0020588 0.0083209 0.023413 0.092559 0.032225 0.00028874 0.11396 0.24565 0.00039354 0.015663 0.06455 0.00015418 0.027013 0.079901 0.0067285 0.01337 0.093082 0.013895 0.0011117 0.0013547 6.5695e-05 0.038636 1.2091e-06 0.0023471 0.16378 0.032757 0.044055 0.020152 0.019515 0.0733 0.0038957 0.048427 0.010203 0.046335 0.00039855 0.008869 0.11358 0.021059 0.02983 0.001241 0.00956 0.10198 0.0033668 0.028727 0.0050319 0.0041056 0.038522 0.09251 0.031202 0.08434 0.13557 0.00013186 0.011137 0.0053446 0.031229 0.038864 0.00029151 0.0015652 0.10762 0.086637 0.0020495 0.0002358 0.066037 0.033575 0.011413 0.00030852 0.063367 0.010821 0.11128 0.00011116 0.0078595 0.0062733 0.0392 0.0057529 0.0038078 0.0013436 0.028353 0.029148 0.041514 0.086887 0.090201 0.030859 0.0041874 0.02065 0.013565 0.19822 0.20035 0.0019814
0.014026 0.0018088 0.018312 0.014012 0.012619 0.012654 0.0251 0.030294 0.00011194 0.036162 1 0.015778 0.094764 0.0261 0.10389 0.1858 0.067427 0.034864 0.0011435 0.011838 0.15781 0.040271 0.078731 0.021585 1.9383e-06 0.01989 0.045168 0.0036883 0.003995 0.13563 2.7598e-06 0.05765 0.0051775 9.4382e-06 0.0098216 0.097662 0.0005733 0.076007 0.001033 0.1479 0.0084458 0.0001381 0.15158 0.014524 0.053083 0.051647 0.010597 0.0063953 0.030105 0.0025654 0.054418 0.0030676 0.0025551 0.0021188 0.053296 0.0023201 0.00024269 0.13041 0.037117 0.046374 0.061624 0.012127 0.065865 0.15771 0.010527 0.026499 0.013195 0.00051517 0.073958 0.0040266 0.0011681 0.13756 0.00013848 0.0057108 0.028015 0.027815 0.022413 0.011717 4.6868e-05 0.032063 0.080994 0.038999 0.016791 0.025639 0.0015129 0.00023647 0.017465 0.0017156 0.032154 0.023854 0.0003138 0.0053528 0.035438 0.010061 0.0087946 0.029962 0.01874 0.0080701 0.011576 0.025085 0.047988 0.0026929 0.013828 0.03612 5.9849e-05 0.00017605 0.0042783 0.02719 0.01866 0.0025399 0.062879 0.039277 0.0045348 0.0017235 0.0029221 0.0077935 0.037219 4.0104e-07 0.052337 0.013671 0.0027771 0.14603 0.005919 0.060076 0.020701 0.018147 0.0082315 0.0020405 0.047787 0.014181 0.051897 0.02866 0.064585 0.053467 0.0019537 0.0022708 0.0015239 0.11381 5.8288e-05 0.0052193 0.0023971 0.018531 0.026801 0.006459 0.024617 0.053626 0.0025357 0.0058888 0.03532 0.019136 0.0044143 8.5197e-06 0.0078854 0.0062152 0.049476 0.018411 0.10502 0.060113 0.00097383 0.023857 0.030114 0.00225 0.0081102 0.33207 0.0066019 0.027884 0.084781 0.026612 0.0083 0.013767 0.0044564 0.048906 0.00025925 0.03419 0.1535 0.052936 0.0239 0.0030114 0.01033 0.0093783 0.022639 0.002049 0.021463 0.075514 0.0024495 0.0070638 0.0094466 0.0011775 0.0003144 0.00020001 0.013243 0.011596 0.017491 0.041547 0.023271 0.026504 0.074751 0.16982 0.046208 0.00099066
0.060999 0.00072793 0.039934 0.0069166 0.0031537 0.02682 0.078315 0.0010205 0.086079 0.0087539 0.015778 1 0.1042 0.0031495 0.025613 0.050272 0.0053994 0.017353 0.10453 0.014201 0.00052561 0.18243 0.049705 0.028458 0.045337 0.0016306 0.038987 0.005952 0.018046 0.00078685 0.071241 0.18679 0.014747 0.19811 0.0018748 0.094942 0.00034883 0.041682 0.098363 0.082183 0.014745 0.00013949 0.0022308 0.011025 0.022143 0.0096804 0.0018671 0.037845 0.0087069 0.12953 0.27016 0.055883 0.01745 0.0042774 0.022932 0.052961 0.016772 0.070565 0.040864 0.0011997 0.25169 0.15488 0.0068336 0.011527 0.013157 0.0011955 0.0018503 0.0046402 0.0079773 0.0087207 0.0025777 0.00029086 0.014668 0.00040263 0.071101 0.0049586 0.0082165 0.016974 0.033683 0.033599 0.010253 0.014893 0.1785 0.0010776 0.022343 0.084835 0.040335 0.0011449 0.0072991 0.088667 0.13217 0.1314 0.10713 0.0073368 0.13906 0.043403 0.022678 0.001329 0.19381 0.0015011 0.091727 0.029532 0.079587 0.0050387 0.026645 0.045207 0.12274 0.17902 0.022856 2.1418e-05 0.04565 0.07991 0.00034414 0.018053 0.057255 0.075483 0.00079884 0.037873 0.0012593 0.044044 0.0098331 0.0029326 0.14068 0.042156 0.002353 0.00067731 0.12859 0.053389 0.029898 0.0096244 0.0020408 0.0047166 0.0027213 0.014418 0.0022891 0.009853 0.0049799 0.075474 0.071469 0.019678 0.20384 0.0006344 0.0154 0.0065567 0.0015371 0.099415 0.058795 0.11284 0.016158 0.013269 0.037098 0.012678 0.024912 0.057039 0.0014403 0.0040782 0.028595 0.004742 0.00024947 0.00025153 0.066819 0.008958 0.0028381 0.016232 2.2914e-05 0.073576 0.11486 0.16734 0.08819 5.1636e-06 0.039998 0.037371 0.0028363 0.033025 0.0026295 0.0065443 0.063514 0.044731 0.00078552 0.008436 0.0088871 0.0054144 0.0085943 0.050652 0.03731 0.012232 0.0080981 0.032826 0.0037798 0.00034601 0.061329 0.0031555 9.9733e-05 0.0015598 0.12163 0.0067509 0.048939 0.010411 0.0065946 0.10403
0.15413 0.025817 0.00016589 0.056868 0.052892 0.0068889 0.014601 0.020994 0.013369 0.18896 0.094764 0.1042 1 0.028373 0.012037 0.024572 0.045369 0.13099 0.0056561 0.012173 0.014026 0.12759 0.085886 0.031371 0.0048296 1.0738e-05 0.020004 0.10888 0.035751 0.054612 0.0014166 0.0004634 0.0026893 0.0034391 0.0024545 0.0029197 0.00062812 0.003953 2.5848e-05 0.028206 0.039188 0.014654 0.0039779 0.07063 0.0030863 0.025319 0.13482 0.0014923 0.010679 0.066922 0.11582 0.26568 0.023659 0.0072408 0.0086404 0.00055173 0.00023515 0.2596 0.018566 0.014849 0.036134 0.018183 0.0084323 0.019285 0.43652 0.00054093 0.049211 0.0068049 0.030067 0.00077753 0.048698 0.059561 0.03132 0.026651 0.13343 0.016849 0.13977 0.08798 0.0044929 0.042647 0.054497 0.033261 0.11294 0.011073 0.011441 0.12586 0.00040747 0.069328 0.083319 0.00024486 0.0094008 0.19125 0.083608 0.21651 0.02768 0.18259 0.00064625 0.0018279 0.0001296 0.0094387 0.14925 0.035828 0.066645 0.017551 0.0053089 0.0019203 0.033791 0.002541 0.0040808 0.015236 0.0003289 0.037161 0.0021153 1.0299e-08 0.0036706 0.046332 0.04753 0.075246 0.07233 0.3271 0.056282 0.024105 0.0033886 0.00025604 0.0001745 0.038208 0.082509 0.045473 0.15592 0.00053826 0.016224 0.10609 0.084621 0.0010856 0.090021 0.12718 0.32876 0.038151 0.082506 0.00049202 0.0004599 0.000783 0.014757 0.034699 0.023019 0.19528 0.033871 0.0050179 0.10102 0.059324 0.0022591 0.0016518 1.2417e-06 0.0054827 0.013659 0.074357 0.025195 0.20688 0.0045402 0.0022094 0.00064036 0.00070736 0.0045428 0.16695 0.00086268 0.17112 0.39672 0.013794 0.1523 0.018969 0.049621 0.060011 2.928e-07 0.079538 0.12428 0.122 0.049608 0.0048942 0.0025695 0.037687 0.050313 0.0039409 0.10718 0.10906 0.044916 2.5961e-05 0.0014545 0.047108 0.00083614 0.046802 0.0062954 0.12299 0.0020969 0.01604 0.06232 0.0055817 0.0031212 0.14968 0.08635 0.026709
0.10867 0.012964 0.087502 0.012039 0.0052719 0.0022289 0.013874 0.032461 0.051998 0.003295 0.0261 0.0031495 0.028373 1 0.0013608 0.0050038 0.21045 0.0032573 0.00027213 0.011492 8.0654e-05 0.066425 0.057227 0.07628 0.081445 0.0076126 0.02844 0.0045996 0.0017064 0.011595 0.02578 0.0037674 0.38224 0.0061244 0.001108 0.066229 0.0057727 0.015606 0.20341 0.0090734 0.034042 0.008279 0.015508 0.027385 0.0046532 0.022477 0.0015385 0.012088 0.043088 0.013728 0.012338 0.013323 0.00948 0.033176 0.010741 0.069014 0.00089927 0.063614 0.00031791 0.028609 0.033368 0.11634 0.29696 0.0019311 0.023875 0.094188 0.099738 0.020972 0.00043418 0.00032495 0.004176 0.00023682 0.0080482 0.049644 0.085209 0.094533 5.8946e-05 0.021652 0.017417 0.00015423 0.013803 0.0089207 4.3325e-05 0.025386 0.00085437 0.021864 0.11274 1.8497e-06 0.044038 0.011291 0.021564 0.037743 0.0078349 0.0096731 0.083072 0.015864 0.058454 2.3118e-05 0.031717 0.084579 0.020215 0.068532 0.022357 0.012043 0.084241 0.00032652 0.016977 0.0096582 0.008529 0.1715 0.049427 0.0028488 0.0090078 0.0067961 0.017454 0.0013324 0.057395 0.0027322 0.0020693 0.028318 0.30594 1.5145e-05 0.032604 0.01328 0.0069948 0.077903 0.014822 0.024677 0.012662 0.021379 0.0045847 1.7442e-05 0.049073 0.018563 0.00047551 0.036055 0.015276 0.1282 0.026926 0.0031346 0.0059802 0.058343 0.0001109 9.9428e-05 0.00051222 0.10645 0.085623 0.018105 0.035069 0.087724 0.00028309 0.0031497 0.025242 0.0031343 4.5507e-06 0.042842 0.00071029 0.024697 0.019431 0.00012359 0.011055 0.0046571 0.00094475 0.012417 0.0003834 0.0063206 0.047248 0.042135 0.00062365 0.017932 0.017069 0.023768 0.020925 0.0042508 0.0045727 0.081024 0.021222 0.017168 0.029616 0.0051515 0.065721 0.0040079 0.022496 0.0015193 0.08946 0.016247 0.1073 0.0063357 0.075612 0.00013937 0.00056396 0.0057275 0.0070259 0.0006934 0.1246 0.046165 0.10995 0.00090669 0.12097 0.25115
0.00070432 0.0069987 0.050416 0.00039155 5.637e-05 0.044139 0.013602 0.040639 0.0012217 0.0039838 0.10389 0.025613 0.012037 0.0013608 1 0.17954 0.10192 0.093591 0.11153 0.045972 0.1247 0.0020895 0.13765 0.019075 0.023255 0.0031682 0.026808 0.00034937 0.00015678 0.0059373 0.00021723 0.0079971 0.00096299 0.077378 0.044619 0.059051 0.01553 0.038535 0.058743 0.002406 2.4055e-05 0.0038763 0.0021298 0.0005721 0.031271 0.014123 0.0027989 0.017482 0.00027652 0.0032941 0.0043951 0.0064039 0.06367 0.00073052 0.001044 0.0066414 0.042426 0.015647 0.018225 0.14833 0.059025 0.033768 0.0081198 0.00064991 0.0043142 0.00030333 0.050814 0.01975 0.010379 0.0051042 0.0073942 0.027841 0.10762 0.00018565 0.00045539 0.097273 0.011225 0.010794 0.027116 0.032331 0.05766 0.015285 0.077168 0.076101 0.12064 0.00028784 0.0060418 0.04246 0.043009 0.06558 0.014065 0.025843 0.011842 0.0084209 0.020856 0.033369 0.032972 0.0073428 0.013649 0.020029 0.00098482 0.048819 0.13576 0.062967 0.072258 0.15391 0.0045963 0.095179 0.010449 0.01709 0.085093 0.028568 0.00033205 0.024113 0.048017 0.0084375 0.093454 0.015903 0.0044727 0.016432 0.01572 0.027623 0.0044026 0.11868 0.031562 0.0028834 0.023503 0.13147 1.7999e-07 0.041242 0.065545 0.069179 0.0057433 0.053925 0.036216 0.00011852 0.0039024 0.020997 0.029696 0.0015416 0.18207 0.016042 0.0053474 0.11573 0.0033326 1.0979e-05 0.020523 0.00087823 0.0067577 0.0082501 0.0054206 0.0017586 0.011688 0.021684 0.034145 0.0026988 2.1997e-06 0.096467 0.091317 0.027781 0.087638 3.9413e-05 5.0188e-07 0.090065 0.0052813 0.0082638 0.024756 0.0037885 0.022989 0.0096455 0.060214 0.064598 0.067994 0.10004 0.07739 0.058558 0.045617 0.024628 0.024257 0.0059202 0.16888 0.0073635 0.0081992 0.0027027 0.025942 0.01675 0.020022 0.00044232 0.0046573 0.043984 0.032234 0.06063 0.089728 0.0089338 0.044218 0.036787 0.0027582 0.0085693 0.0015978 0.052012
0.00021842 0.03739 0.042649 0.00571 4.0768e-06 0.0013661 0.00012995 0.062669 0.010834 0.030015 0.1858 0.050272 0.024572 0.0050038 0.17954 1 0.14576 0.027699 0.04946 0.027275 0.076222 0.0022871 0.018889 0.06877 0.00016595 0.00096886 0.051972 0.018618 0.0010998 2.6676e-05 0.0077188 2.0232e-07 0.00010193 0.0067349 0.0062712 0.00058371 0.012216 0.25843 0.028183 0.039051 7.2876e-05 0.011084 0.041846 0.0094896 0.00031634 0.018676 0.00017669 0.035283 0.069215 0.0096961 1.3356e-05 0.0040193 0.029375 0.0033639 0.022429 0.026348 0.0032095 0.024319 0.024078 0.034098 0.0078821 0.10727 0.001398 0.15008 0.0040293 0.015236 0.0035839 0.016165 0.0044847 0.037794 0.0060477 0.097124 0.013842 0.0048816 0.028918 0.059213 0.03331 0.037871 0.0086394 0.073551 0.039059 0.056502 0.052773 0.059276 0.042543 0.0038921 0.030687 0.0069038 0.003314 0.0315 0.048369 0.1142 0.0001031 0.0054467 0.00011153 0.02274 0.0039855 0.035706 0.0011067 0.003563 0.036216 0.10545 0.043116 0.00033139 0.014994 0.0025472 0.020396 0.1056 0.0041241 0.10427 5.5397e-05 0.033985 0.0016433 0.095392 0.0068888 0.038048 0.00018532 0.0054031 0.0143 0.093393 0.02424 0.077126 0.066509 0.055968 0.10111 0.0010321 0.010637 0.019334 0.0054898 0.083185 0.061348 0.086707 0.061945 0.10453 0.015565 0.021236 0.17103 0.00022434 0.0016387 0.012309 0.13782 0.00042257 0.0058859 0.0045751 0.041494 0.0070962 0.0063056 0.075805 0.00015725 0.057355 0.047475 0.00074379 0.0035326 0.032673 0.043068 0.087406 0.10553 0.04326 0.02922 0.0058401 0.028702 0.020236 0.015814 0.11678 0.028937 0.0078709 0.0017153 0.0071626 0.019245 0.034314 0.006243 0.00093164 0.005027 0.0041144 0.080059 0.016433 0.004477 0.030934 0.043177 0.036007 0.017601 0.0027096 0.020532 0.0029462 0.0033663 0.0083184 0.0018811 0.029594 0.00027162 0.018747 0.013437 0.10436 0.022034 0.00097431 0.017256 0.05166 0.001348 0.011775 0.00094164 0.065258
0.0035699 0.01192 0.2191 0.064246 0.011763 0.00012308 0.024697 0.079895 0.0077062 0.020313 0.067427 0.0053994 0.045369 0.21045 0.10192 0.14576 1 0.0080556 0.012595 0.024509 0.10565 0.068986 0.044423 0.038094 0.090794 0.0083375 0.00027309 0.082288 0.00064466 0.0040427 0.093303 0.049997 0.11291 0.049338 0.0677 0.14872 0.022745 0.028414 0.10874 0.03062 0.037716 0.0035513 0.015104 0.014165 0.061876 0.11717 0.011907 0.0011098 0.00055142 0.014527 0.0017297 0.0067593 0.045836 0.00011204 0.00053641 0.0062782 0.0052246 0.0030381 0.0093992 0.050351 0.040442 0.042286 0.0052078 0.0010781 0.077423 7.3071e-05 0.042337 0.015186 0.0020406 0.022748 0.00082701 0.042066 0.058438 0.04212 5.4747e-05 0.21115 0.0036577 0.0072301 0.0063221 0.072764 0.034872 0.028848 0.069013 0.17562 0.028176 0.044511 0.13319 0.17809 0.032548 0.03999 0.0016808 0.13272 0.015152 0.015142 0.043007 0.027264 0.21853 0.0066112 0.11387 0.18481 0.0008543 0.081157 0.027705 0.0049913 2.5378e-05 0.01366 0.0017257 0.0018918 0.066082 0.013254 0.025797 0.002535 0.0032101 0.010337 0.013608 0.052742 0.051857 0.02489 0.0074461 0.00032522 0.12033 0.026816 0.05032 0.0047671 0.002685 0.065883 0.004743 0.0044591 0.0019951 0.2956 0.013002 0.14263 0.14569 0.07312 0.07325 0.041442 0.10602 0.0058948 5.4883e-06 0.011777 0.030557 0.070383 0.011521 0.026547 0.032201 0.004726 0.023707 0.004308 1.0134e-06 0.010168 0.019603 0.0017492 0.0059633 0.0069064 0.070771 0.02446 0.050369 0.0065951 0.082059 0.066849 0.21493 0.041782 0.05923 0.023033 0.00019326 0.018223 0.043299 0.013323 0.019534 0.051397 0.0015837 0.032101 0.0019634 0.03107 0.030302 0.10931 0.025135 0.062718 1.7016e-05 0.025859 0.053529 0.0062791 0.033842 0.0053628 0.016348 0.00062142 0.036107 0.013045 0.12021 0.037228 0.0044614 0.0010678 0.0059844 0.019304 0.3335 0.18067 0.00029914 0.04066 0.00013082 0.014298
5.6696e-05 0.12097 0.022301 0.0009686 0.018156 0.047391 0.0001038 0.044723 0.0020152 0.019644 0.034864 0.017353 0.13099 0.0032573 0.093591 0.027699 0.0080556 1 0.024045 0.001832 0.012232 0.028561 0.28269 0.006755 0.15906 0.0086444 0.0035865 0.0662 0.034005 0.016999 0.00044396 0.023304 0.015887 0.032562 0.015011 0.10276 0.011618 0.058176 0.0074889 0.00011319 0.0059283 0.14973 0.040132 3.4236e-08 0.0013903 0.039358 0.07693 0.014003 0.012309 0.011947 0.014911 0.087765 0.0012726 0.015887 0.07741 0.0036637 2.5646e-05 0.042614 0.0055233 0.043217 0.0030319 0.071958 0.00042928 0.038544 0.17693 0.00566 0.061118 0.10275 0.0023412 0.016639 1.5529e-05 0.00024339 0.0072004 0.0030888 0.009877 0.0090558 0.011046 0.093115 0.00099657 0.03064 0.011484 0.066925 0.00024243 0.0060883 0.091799 0.033554 0.0009857 0.02254 0.02424 0.057838 0.025261 0.068139 0.0072438 0.33558 0.0014917 0.011209 0.022143 0.048685 0.067906 0.011968 0.01265 0.010752 7.4812e-05 0.15448 0.082224 0.070714 0.00014529 0.17943 0.0092265 0.012968 0.0014704 0.044227 0.0094335 3.9441e-05 0.0073316 0.0036301 0.0034991 3.6111e-05 0.19484 0.0034504 0.036595 0.13928 0.0071434 8.4165e-06 0.0051857 0.048274 0.015679 0.22795 0.0020809 0.0071544 0.019071 0.007046 0.062495 0.034621 1.3523e-05 0.057964 0.043524 0.11378 0.0045395 0.086585 0.18048 0.0019262 0.00076373 0.0012023 0.014633 0.0095841 0.00025229 2.5378e-05 0.0024656 0.060116 0.0071589 0.0075086 0.0085159 0.0015038 0.043019 0.032501 0.022934 0.14302 0.039913 0.0023675 2.3278e-06 0.01262 0.016726 0.02139 0.017789 2.6381e-05 0.001358 5.8914e-05 0.050188 0.0013405 0.068223 0.12007 0.0024708 0.1739 0.10768 0.058274 0.059466 0.0014703 0.00022344 0.18281 0.0025099 0.036674 0.00051134 0.035973 0.0004464 0.030576 0.00020516 0.048208 0.1021 0.04629 0.00075376 0.056364 0.026658 0.0053668 0.032849 0.031475 0.0046556 0.036137 0.05264 0.0058031
0.060102 0.077984 0.020609 0.0025992 0.00018614 0.012343 0.0051999 0.035665 0.046992 0.091354 0.0011435 0.10453 0.0056561 0.00027213 0.11153 0.04946 0.012595 0.024045 1 0.017147 0.061166 0.087998 0.079984 0.080672 0.00015914 4.7663e-05 0.0023422 0.0094577 0.17335 0.024954 3.9914e-05 0.017822 0.007197 0.015627 0.0058962 0.02665 1.3858e-05 0.10671 0.046399 0.081694 0.0063295 0.021469 0.015128 0.10748 0.0016875 0.040776 1.9845e-05 0.0026036 0.011062 0.013674 0.03063 0.028683 0.033718 0.022406 0.014466 0.011617 0.0050227 0.0043711 0.054469 0.029511 0.087013 0.0013546 0.0038504 0.066817 0.0072047 0.00056729 0.0099417 0.11565 0.00043506 1.0616e-07 0.000204 0.0035446 0.0001385 0.014545 0.21515 0.030583 0.00033107 0.013974 0.0057923 3.5569e-05 0.074665 0.00078126 0.026913 0.087533 0.0081517 0.075249 0.17351 0.017855 2.2831e-05 0.0037183 0.020413 0.044285 0.0091386 0.0056684 0.0033739 0.0049679 0.0082755 0.053056 0.026395 0.0014553 0.0099795 0.00010401 0.05949 0.04553 0.058351 0.22441 0.0053878 0.035634 0.010281 0.18999 0.063693 0.095115 6.1464e-05 0.049344 0.0001608 0.0029292 0.023355 0.017978 0.008772 0.0017537 0.048746 0.0015115 0.027143 0.11292 0.00019818 0.00024748 0.0050535 0.00087967 0.024484 0.10463 0.01764 0.000167 2.8262e-05 0.025068 0.0065908 0.0048026 0.076945 0.0041023 0.020913 0.0047305 0.010084 0.00015245 0.095205 0.041512 0.0022456 0.0057643 0.036162 0.0011436 0.0039052 0.0037385 0.008869 0.0080446 3.0735e-05 0.062326 0.047838 0.062115 0.07226 0.0031679 0.016766 0.0090226 0.00016195 0.002504 0.0065926 0.032822 0.0001438 0.038598 0.073574 0.048993 0.020384 0.0040499 0.048981 0.0048498 0.011116 0.002562 0.021047 0.030162 0.028961 0.00054396 0.1934 0.0056048 0.11577 0.0018113 8.679e-06 0.011847 0.048142 0.0033088 0.015384 0.0031182 0.002004 0.03442 0.067845 0.32066 0.014791 0.0077669 0.00030113 0.027767 0.04504 0.018169 0.022077 0.018941
0.0099631 0.00019318 0.024795 0.19183 0.0090668 0.045188 0.15767 0.058259 0.22537 1.1437e-05 0.011838 0.014201 0.012173 0.011492 0.045972 0.027275 0.024509 0.001832 0.017147 1 0.0022899 0.062998 0.0049078 0.048511 0.031297 0.0018365 0.0070581 0.030812 0.033256 0.0080383 0.00071728 0.093957 0.036568 0.00039978 0.16932 0.052265 0.013805 0.14899 0.049657 0.16495 0.0042468 0.0061531 0.098663 0.084509 0.077503 0.039069 0.0033887 0.015441 0.0026092 0.062626 0.087753 0.021179 0.00045186 0.12931 0.056798 0.058574 0.069261 0.012327 0.015914 0.046398 0.13248 0.15267 0.00087681 0.090378 0.001093 0.026796 0.012857 0.0020353 0.051754 0.0087262 0.027314 9.7667e-06 0.00059513 0.011521 0.078381 0.091118 0.0083587 0.00013065 0.0058392 0.0047093 0.0021922 0.011155 0.070145 0.0015917 0.0067724 0.031491 0.033181 0.12216 0.016446 0.030705 0.096431 0.19735 0.010146 0.0017122 0.014107 0.021844 0.15516 0.069406 0.072176 0.060643 0.066192 0.024574 0.021149 0.10115 0.18892 0.0004686 9.0272e-06 0.025792 0.0012015 0.01098 0.22031 0.13137 0.019792 0.011309 0.00053674 0.08718 0.033019 0.010656 0.12318 0.015905 0.010472 0.048523 0.0016536 0.015431 9.9819e-05 0.02635 0.05019 0.064619 0.0971 0.00014774 0.020024 0.0046975 0.14019 0.014391 0.014246 0.00054724 0.00015084 0.03494 0.00097338 0.0018904 0.052963 0.047944 0.02944 0.030548 0.010551 0.0019843 0.092559 0.0062696 0.0034586 0.00034739 0.00012917 0.0045588 0.00078309 0.061186 0.0013708 0.047218 0.047192 0.025495 0.0049202 0.019503 0.0081119 0.0093152 0.045349 4.9288e-05 0.024807 3.14e-05 0.0090812 0.02414 0.0028668 5.3295e-05 0.010532 0.019761 0.032824 0.045295 0.0031126 0.017034 0.22124 0.022862 0.023891 0.049222 0.16726 0.027517 0.0022624 0.0052386 0.088203 0.00027997 0.0406 0.32348 0.022212 0.021069 0.050252 0.23244 0.085054 0.053211 0.0071456 0.048278 0.03502 0.0064896 0.029064 0.029023
0.012179 0.076278 0.075217 0.00030404 7.2347e-05 0.14649 0.0048723 0.12826 0.00018755 0.020131 0.15781 0.00052561 0.014026 8.0654e-05 0.1247 0.076222 0.10565 0.012232 0.061166 0.0022899 1 0.17543 0.025214 0.0036212 0.00037217 0.0060177 0.01117 0.018406 0.063729 0.0080953 0.014755 0.00035811 0.02921 0.0021551 0.019921 0.10999 0.019596 0.25746 0.044016 0.075125 0.0062892 0.01465 0.068398 0.111 0.05901 0.0025122 0.015068 0.042522 0.073695 0.012468 0.016141 0.028536 1.3744e-05 0.086366 0.094386 0.12203 0.024683 0.063011 0.091746 0.00032042 5.3854e-05 1.7401e-05 0.044314 0.014133 0.062078 0.0086592 0.01216 0.11242 0.0023365 0.10475 0.008615 0.0092055 0.00019618 0.082162 0.14003 0.11529 0.0066477 0.0047212 0.011277 0.042727 0.00039906 0.012987 0.061064 0.28516 0.033155 0.0067001 0.12594 0.043731 4.8055e-09 0.10076 0.064335 0.081708 8.3798e-05 0.062568 0.0016661 0.14996 0.087073 0.031932 0.012616 0.041742 0.027167 0.021081 0.016292 0.017003 0.013313 0.010294 0.026783 0.0021076 0.032699 0.0036499 0.0094434 0.0027383 1.2565e-05 0.018534 0.013754 0.058393 0.0021139 0.0037956 0.0025316 0.24388 0.060227 0.0027061 0.025335 0.0024931 0.010497 0.015324 0.00027718 0.077275 0.03192 0.047708 0.10082 0.013335 9.1808e-05 0.038056 0.088636 0.0025244 0.012381 0.054479 0.028781 0.0011061 0.015062 0.037613 0.10443 0.098266 0.0040729 0.00045519 0.0019271 0.018877 0.0020034 0.063961 0.0022812 0.0044367 0.014577 3.5673e-08 0.069285 0.022821 0.022569 0.045996 0.0013028 0.0027192 0.00027935 0.039064 0.0029479 0.33964 0.015751 0.023994 0.019589 0.00030206 8.6206e-05 8.7138e-07 0.016238 0.0001643 0.00082986 0.049235 0.30619 0.031206 0.001684 0.068172 0.16331 0.038152 0.0078101 0.00054409 1.2656e-05 0.051066 0.0052218 0.02455 0.018062 0.092454 0.01821 0.040382 0.025426 0.018876 0.022566 0.00027584 0.014648 0.2898 0.047907 0.00020917 0.0053696 0.074036
