200
0 1.1964e-08 2.4772e-10 5.0147e-11 4.5984e-09 2.1625e-09 4.1047e-10 2.6223e-10 3.1214e-09 8.5593e-09 5.1412e-10 6.2313e-12 9.8966e-10 1.7202e-05 3.8707e-10 2.255e-08 9.4997e-11 1.937e-14 4.5504e-08 2.0133e-09 2.1081e-10 8.0827e-08 1.9323e-10 4.2644e-07 1.745e-12 4.1894e-09 2.2075e-07 4.8629e-13 3.3378e-10 2.5526e-09 2.515e-08 1.673e-10 3.4811e-12 1.2704e-10 6.427e-08 2.2838e-09 4.2922e-10 3.1809e-10 1.1781e-10 2.5974e-08 1.6921e-13 3.7365e-11 6.435e-11 3.4974e-11 9.3068e-13 2.0884e-09 9.6988e-10 1.8778e-10 2.6118e-08 1.126e-08 3.93e-10 6.5499e-08 2.307e-11 3.9947e-09 6.6678e-10 2.1796e-08 3.3622e-09 8.3536e-10 5.6258e-09 2.1824e-09 1.3346e-07 1.0794e-12 7.5829e-09 3.782e-12 1.4341e-10 1.0684e-10 9.8479e-10 2.1824e-09 2.248e-12 8.2112e-08 2.3919e-09 7.4464e-07 2.8261e-12 2.8183e-13 1.7879e-09 2.3977e-10 7.7215e-10 2.7212e-08 1.3229e-06 2.3661e-09 6.357e-08 1.5016e-10 4.5826e-12 2.1129e-12 5.0997e-08 5.0949e-10 3.8972e-07 2.3696e-11 6.4045e-11 2.6832e-08 4.5516e-08 1.0919e-11 6.8085e-06 4.981e-10 3.5559e-10 1.3998e-10 3.0312e-08 2.1408e-10 2.4645e-10 3.7152e-10 8.1855e-10 7.0595e-08 1.026e-08 1.4911e-09 2.9312e-11 3.4292e-10 2.1662e-06 3.1749e-10 1.1191e-09 5.2194e-09 2.1911e-09 5.3256e-07 1.6859e-06 5.7565e-09 5.2949e-10 2.6947e-11 1.9049e-11 7.6781e-08 2.2018e-10 8.2758e-14 6.2121e-10 1.9443e-09 1.6778e-10 1.2842e-10 6.9372e-09 5.1151e-10 3.072e-11 1.782e-09 1.8493e-10 1.4367e-12 1.6402e-10 3.3557e-11 7.3195e-10 1.5725e-10 3.3595e-11 2.2085e-09 9.1945e-12 1.1789e-09 2.95e-08 3.4806e-09 3.943e-08 2.5145e-09 5.8032e-07 3.1449e-10 1.8099e-08 8.0451e-09 2.6576e-11 3.0094e-10 2.5069e-11 5.0399e-10 5.7452e-09 1.9095e-09 9.6311e-10 3.0692e-09 1.2623e-11 6.9587e-07 1.2598e-07 7.3936e-06 1.7147e-09 2.6435e-10 5.0269e-09 2.3345e-08 1.7419e-11 1.1049e-09 1.3387e-11 5.0545e-08 1.0857e-07 4.6986e-11 1.9861e-12 9.6943e-11 1.0204e-12 1.5091e-10 8.6426e-11 2.6756e-11 2.8808e-09 1.4643e-09 2.3187e-09 7.8579e-10 2.3151e-10 1.7733e-08 2.9329e-10 6.3739e-11 3.9959e-16 3.2459e-08 8.3597e-09 3.3099e-08 1.2854e-07 1.4187e-09 3.2795e-10 3.3057e-12 3.2109e-09 3.606e-09 2.0902e-11 2.3136e-12 1.5306e-14 5.645e-11 1.2941e-09 1.585e-09 4.327e-08 2.1815e-09
1.1964e-08 0 1.1078e-09 5.3424e-11 4.0986e-11 6.6605e-10 6.5502e-10 1.0101e-07 3.8805e-10 4.4302e-12 3.2737e-07 4.7141e-11 2.2537e-13 3.633e-09 5.3555e-10 7.1923e-07 8.272e-12 1.4028e-08 5.5825e-11 2.9469e-09 3.2183e-08 6.6329e-11 7.0173e-11 3.963e-10 1.4465e-10 1.2104e-13 5.1453e-11 5.0522e-10 7.108e-10 3.6049e-08 1.9858e-08 3.6743e-10 2.9731e-11 2.1194e-10 1.0898e-11 1.0618e-09 1.0853e-07 2.7431e-10 1.8761e-08 0.00028084 2.6173e-10 8.4901e-13 5.1267e-10 1.267e-10 1.3086e-12 6.6598e-08 2.1636e-13 1.6123e-09 1.5933e-10 6.8642e-09 2.9208e-11 2.0765e-07 2.832e-14 7.6805e-09 6.6891e-11 8.4747e-10 1.9857e-09 3.9428e-10 2.1221e-10 6.2231e-07 0.00014105 4.0023e-08 1.702e-10 1.2091e-10 1.5799e-07 1.6237e-10 7.41e-12 5.9025e-10 5.682e-10 1.7948e-08 1.3591e-08 1.2325e-11 1.6381e-06 1.05e-09 1.5087e-08 5.3972e-08 6.9131e-08 6.375e-09 9.5685e-09 3.4084e-11 1.9691e-09 1.8795e-06 1.2565e-10 7.9811e-13 3.6606e-10 2.2765e-11 2.4428e-11 2.1345e-06 1.1381e-08 8.7948e-10 3.5362e-10 3.0444e-12 1.9947e-09 6.5473e-13 1.3627e-09 2.5893e-10 2.204e-13 2.1254e-10 1.0386e-07 1.1491e-08 1.1834e-09 8.7773e-12 2.6369e-09 2.4051e-11 7.1226e-11 6.7221e-13 1.2335e-10 2.6102e-10 1.019e-09 1.1501e-09 2.6645e-11 4.7117e-09 8.112e-12 7.4098e-08 6.153e-10 2.3215e-12 2.4853e-12 8.4891e-11 2.3093e-11 3.0382e-11 2.0146e-10 1.3263e-09 5.606e-10 3.684e-11 4.8948e-10 1.5353e-05 2.5192e-10 6.1368e-10 1.0573e-09 1.5151e-08 2.0053e-08 1.0658e-10 5.706e-12 6.0408e-14 5.5358e-11 1.3356e-11 8.0413e-09 6.234e-11 1.2129e-08 6.9504e-10 4.9965e-11 3.3659e-09 6.0664e-10 1.7172e-09 3.7123e-09 3.7018e-08 2.6544e-11 2.0083e-09 2.2627e-10 2.281e-12 2.0247e-09 1.2477e-11 7.9198e-10 1.1895e-05 1.4078e-10 2.4335e-12 6.3284e-10 6.2652e-11 4.5748e-10 3.2126e-11 2.2115e-08 3.7147e-09 1.741e-08 1.9927e-09 4.8587e-10 8.3592e-10 4.8115e-10 1.8437e-10 7.0461e-10 5.6315e-10 2.708e-09 1.9264e-10 4.7785e-10 9.8768e-11 2.5303e-10 4.9408e-09 6.3254e-08 6.3411e-10 2.7151e-10 1.8668e-11 4.9756e-11 1.1948e-10 4.6263e-10 1.5343e-10 2.5826e-12 1.2191e-09 2.5601e-09 1.2439e-10 5.5618e-09 8.5367e-10 1.7233e-09 6.6989e-07 1.3488e-09 1.7152e-06 4.9968e-08 3.2276e-09 1.292e-08 2.6284e-10 1.4855e-10 2.046e-09
2.4772e-10 1.1078e-09 0 4.7807e-09 1.2813e-12 1.4401e-10 3.4447e-06 1.9662e-09 1.5222e-11 1.0688e-09 4.0968e-10 4.2734e-14 3.3542e-08 1.1153e-09 1.7495e-12 3.1393e-10 5.3931e-11 3.101e-09 5.1882e-11 1.4616e-11 1.5676e-08 6.2337e-10 3.5622e-12 1.7997e-10 9.8782e-08 1.1625e-09 2.3278e-08 1.046e-09 7.4286e-10 5.894e-10 1.9542e-10 2.2336e-07 2.3177e-08 2.2641e-10 1.6431e-08 3.5352e-10 1.8099e-09 6.0783e-10 1.0928e-09 2.6796e-10 2.004e-08 6.4742e-08 9.9501e-11 1.3948e-09 3.211e-10 2.9884e-07 2.8772e-08 4.9065e-13 4.0096e-07 3.0413e-11 4.4369e-13 1.6977e-11 2.3007e-10 6.5159e-10 2.7137e-11 1.2915e-06 6.4555e-11 2.2721e-08 3.8299e-10 8.2991e-10 4.9406e-09 5.2461e-09 3.6496e-10 4.1633e-11 8.2417e-11 2.2337e-10 2.0515e-08 2.7151e-11 4.995e-11 2.3717e-09 1.2902e-09 6.3023e-12 2.4251e-09 3.8065e-11 2.4664e-09 2.9095e-10 3.2383e-11 5.7956e-12 7.8153e-07 1.6804e-11 8.7559e-11 1.0272e-11 1.2241e-09 5.123e-11 3.1375e-09 4.0504e-09 1.2514e-06 5.6658e-08 6.6149e-11 1.73e-10 3.7772e-09 1.4224e-12 7.6513e-11 2.6963e-09 2.7507e-09 2.3169e-07 8.3789e-10 3.7373e-16 1.7493e-11 9.7739e-10 7.1846e-11 3.9652e-05 1.8286e-06 1.9285e-09 3.2169e-10 2.5052e-12 2.6122e-10 3.0899e-08 1.6068e-09 1.301e-10 1.1009e-09 1.1283e-09 1.2562e-10 3.5857e-09 3.5576e-11 9.1374e-10 2.9589e-12 1.0022e-07 2.8835e-10 3.7644e-08 7.5355e-09 2.2882e-11 3.5916e-09 5.4033e-10 2.0244e-07 1.787e-08 1.6176e-05 3.4683e-09 4.6995e-11 9.257e-12 3.3299e-07 6.2527e-10 1.6909e-11 4.7361e-08 1.9115e-09 7.5554e-12 4.5176e-13 3.3403e-09 2.9379e-12 8.0989e-12 2.304e-08 4.2944e-09 6.3959e-11 7.8746e-10 9.5964e-14 2.4843e-06 4.2236e-12 3.4669e-09 2.3308e-10 6.4478e-09 4.0863e-13 8.3789e-13 2.3568e-11 8.1734e-11 3.6579e-10 4.9118e-10 5.0232e-09 2.9622e-09 4.2154e-09 4.9372e-09 6.0413e-11 2.0762e-08 1.7285e-10 9.6619e-12 1.914e-09 2.609e-09 2.2241e-10 6.489e-11 1.3035e-12 1.7831e-10 2.5632e-11 3.836e-11 9.783e-09 2.6268e-10 6.883e-10 1.0809e-07 3.124e-12 3.3695e-10 1.8419e-09 9.0035e-09 8.2802e-11 9.146e-07 4.8947e-11 2.5247e-10 2.5772e-11 6.3386e-10 2.5224e-10 1.9789e-09 1.4568e-11 2.2145e-10 6.7656e-11 5.6009e-12 7.0395e-10 6.865e-07 6.3843e-09 1.0867e-07 2.0409e-09 1.0773e-08 1.8666e-11 1.0841e-09
5.0147e-11 5.3424e-11 4.7807e-09 0 1.3469e-11 1.091e-10 5.8011e-11 3.4464e-12 1.1219e-09 6.6768e-12 2.7758e-09 1.2394e-12 3.6532e-08 2.6951e-10 7.8567e-10 4.0501e-08 3.005e-10 3.8744e-10 6.5781e-11 8.8832e-09 8.5418e-11 1.7651e-10 1.8427e-09 1.3334e-08 1.3894e-09 3.6909e-10 1.7265e-07 1.3132e-06 5.0735e-09 1.2425e-10 2.344e-13 4.7617e-10 1.9984e-10 2.8666e-11 2.0695e-09 2.5747e-10 9.1713e-10 2.3435e-08 2.3291e-10 4.8055e-10 2.7582e-11 3.4228e-10 3.0433e-10 2.0321e-05 3.2798e-09 2.4753e-09 1.6317e-07 1.1091e-10 1.1628e-09 8.9507e-12 8.7131e-13 2.3163e-10 4.206e-09 3.5785e-12 4.1466e-10 6.7163e-11 1.3849e-08 5.4692e-08 1.0393e-11 1.2831e-07 5.4826e-07 1.1095e-08 9.0324e-08 1.2304e-12 1.5908e-10 1.6332e-09 8.5971e-11 3.5986e-09 1.7332e-11 1.735e-09 4.4947e-09 6.7834e-08 3.9165e-08 6.582e-13 8.6998e-10 1.5343e-09 3.6772e-09 3.1664e-09 1.0989e-09 2.4526e-09 5.6909e-07 8.2682e-11 2.4264e-11 9.133e-12 2.2373e-11 1.9773e-10 9.8223e-11 2.1938e-09 3.3689e-08 9.3436e-11 3.3083e-11 1.6492e-09 1.1656e-08 7.3344e-12 3.1103e-10 8.4782e-11 1.7993e-11 1.703e-09 1.1786e-10 2.0788e-08 1.7297e-08 3.6238e-12 1.2009e-08 5.3935e-13 1.9307e-09 2.8326e-07 6.2071e-11 1.9764e-07 2.5074e-11 1.2051e-09 6.9736e-10 2.1841e-08 7.8445e-13 2.5106e-08 9.8142e-11 5.4689e-07 1.2562e-10 2.711e-09 2.8342e-11 1.0167e-11 1.4899e-09 3.317e-09 2.2746e-11 8.7646e-14 1.2345e-11 5.3306e-11 1.4152e-12 2.2446e-08 1.6156e-09 6.0641e-08 2.3527e-11 1.1019e-10 7.1823e-08 1.7886e-10 3.4911e-11 2.5394e-07 5.1443e-09 3.6754e-10 5.8453e-10 6.2525e-13 1.1139e-09 7.7606e-14 1.0035e-09 1.0614e-09 2.0003e-13 1.4114e-11 1.6363e-11 2.2178e-09 6.2692e-10 4.9843e-13 7.8143e-12 1.3661e-10 5.4407e-07 4.9316e-09 6.9556e-10 3.9874e-09 5.8289e-08 8.6858e-10 1.9582e-14 1.0756e-10 7.652e-11 2.3078e-12 2.1642e-10 6.5908e-09 7.7233e-10 2.1836e-10 1.0683e-10 2.9113e-11 7.2324e-09 5.975e-13 1.2245e-10 1.5466e-09 5.2075e-11 5.8487e-10 6.3419e-10 6.2473e-08 1.6299e-09 5.9346e-09 3.4591e-10 6.3062e-10 5.1078e-10 5.1428e-11 7.5929e-10 3.7663e-11 6.0039e-09 2.0059e-09 1.3078e-09 1.3437e-11 9.865e-12 4.7594e-08 2.9673e-09 1.6822e-10 7.8529e-11 1.1654e-08 9.2532e-11 5.9012e-07 1.6462e-12 3.6419e-11 1.0517e-12 1.1206e-09
4.5984e-09 4.0986e-11 1.2813e-12 1.3469e-11 0 1.9423e-09 1.1869e-11 1.9231e-10 4.0844e-11 1.6591e-07 6.5563e-10 4.6326e-11 8.4159e-11 5.3283e-12 6.5777e-10 1.7967e-12 3.9806e-09 7.5391e-06 5.8827e-12 8.7322e-11 3.1707e-08 2.3095e-10 3.7642e-09 4.3333e-11 3.5102e-07 5.3979e-10 1.7082e-07 2.8383e-10 2.8616e-10 3.703e-09 1.2953e-10 9.74e-09 1.1571e-11 1.0866e-10 1.8745e-10 1.4492e-08 5.4323e-11 1.3252e-11 4.406e-12 5.3017e-11 3.4274e-11 1.444e-09 1.2506e-09 1.5597e-12 5.2968e-12 2.2083e-09 1.2663e-07 7.0977e-10 1.9535e-11 8.1582e-07 1.8829e-12 1.5082e-11 3.2291e-08 3.694e-10 4.723e-10 1.0016e-08 2.6309e-08 7.4845e-08 5.3363e-12 6.754e-10 8.6852e-10 2.3123e-08 3.4378e-07 1.7004e-09 6.0838e-06 6.2196e-11 8.2211e-10 4.8186e-10 1.1858e-09 1.0499e-10 2.5056e-07 3.0011e-10 5.2303e-11 3.42e-10 3.5401e-09 2.6384e-09 1.0549e-08 1.7611e-09 3.3789e-09 1.0695e-07 1.9549e-09 2.5265e-09 8.3025e-11 9.1902e-10 5.8384e-08 5.4707e-10 5.8307e-11 2.6291e-07 2.8404e-09 4.5486e-10 3.8227e-09 3.7458e-10 3.3728e-08 1.4538e-07 4.0327e-09 8.9762e-09 1.4129e-10 1.289e-10 1.4288e-10 1.5139e-07 2.5522e-06 1.9267e-10 2.3151e-10 1.8606e-05 2.3431e-10 4.8698e-11 4.0217e-11 4.9396e-11 2.8273e-10 3.9282e-13 7.5296e-07 1.1365e-08 4.8151e-08 5.0978e-10 2.2083e-08 9.1798e-10 4.5464e-09 3.2106e-11 2.0739e-09 9.7013e-11 3.9357e-09 7.3141e-10 8.2865e-10 1.2502e-11 3.6975e-10 5.7834e-07 4.5216e-10 3.2169e-10 4.7685e-09 1.8034e-08 2.2718e-09 2.4698e-09 7.5652e-12 6.0771e-08 4.6279e-11 8.1244e-10 3.0146e-07 1.2459e-09 4.9745e-10 6.5618e-11 3.23e-10 1.0397e-05 7.3814e-08 4.7645e-10 1.5567e-08 2.6619e-07 7.5271e-09 4.0926e-11 1.2294e-09 1.5808e-10 2.1605e-10 2.0812e-10 7.2693e-09 7.9887e-10 1.3975e-08 1.4986e-09 3.6696e-10 1.842e-07 1.2047e-09 8.6154e-11 3.1831e-11 1.0492e-08 8.9815e-10 1.976e-07 9.3994e-11 1.2266e-08 2.364e-10 3.6112e-10 1.6667e-08 1.4529e-13 1.6931e-12 4.5777e-07 9.6988e-10 6.0767e-11 2.3779e-10 6.9017e-11 1.0259e-09 3.9589e-10 7.4929e-09 4.1162e-08 7.295e-12 7.514e-12 1.0369e-08 3.3946e-11 5.1147e-10 4.6996e-09 3.9979e-10 1.9894e-13 1.1491e-07 2.062e-09 8.4847e-11 1.0251e-08 2.522e-12 1.8291e-11 3.8351e-11 2.2589e-08 8.4465e-12 6.0433e-09 3.9559e-09 8.1925e-10
2.1625e-09 6.6605e-10 1.4401e-10 1.091e-10 1.9423e-09 0 2.034e-09 1.5463e-09 2.3814e-08 1.3154e-08 4.2294e-08 4.2152e-09 3.3151e-10 2.4018e-10 4.9958e-10 2.8775e-09 2.1094e-08 8.1692e-12 1.8037e-10 2.0212e-09 1.9523e-09 1.931e-09 1.9143e-09 2.6902e-10 1.509e-08 1.1063e-08 2.234e-07 8.9368e-13 7.1816e-11 1.732e-11 6.5513e-11 6.6845e-08 8.1713e-11 2.6342e-09 2.8661e-10 1.6358e-11 1.0109e-10 8.441e-11 2.1782e-09 3.1699e-11 6.5333e-08 8.4132e-12 3.4083e-12 2.8558e-10 2.3586e-07 1.1706e-14 5.9334e-08 2.8583e-09 1.2561e-09 3.7191e-10 4.4299e-10 7.2668e-08 3.664e-06 7.2032e-14 3.2969e-10 2.4144e-11 6.6677e-10 7.2227e-11 2.0772e-08 1.3282e-10 4.8395e-10 4.9302e-09 1.8685e-11 8.9526e-11 1.5818e-10 8.2734e-09 4.7425e-13 2.9487e-09 1.4139e-10 7.8321e-10 2.668e-11 1.3786e-10 6.8503e-11 1.9786e-10 5.8459e-12 1.5729e-11 3.341e-10 2.064e-08 2.1848e-08 1.4199e-09 3.1909e-09 1.7803e-10 8.4387e-11 1.0265e-06 9.5664e-10 4.2106e-08 3.7982e-09 3.0598e-10 2.6734e-11 3.9553e-09 4.1652e-07 8.1362e-10 2.4458e-08 1.0631e-10 6.4122e-10 1.777e-11 8.7192e-11 1.2451e-08 3.1545e-13 1.632e-11 3.9208e-11 3.9123e-09 3.1852e-06 1.8248e-13 6.5849e-09 2.3042e-09 4.6485e-10 1.0383e-09 4.761e-10 1.0814e-08 2.0262e-09 3.5423e-11 1.2357e-09 8.928e-10 7.4294e-09 3.3874e-10 5.5344e-10 1.3657e-09 5.1249e-10 1.6269e-10 9.6031e-10 2.4286e-16 1.2617e-09 3.4239e-11 3.1401e-08 5.9082e-09 9.0416e-09 2.1717e-09 1.0906e-09 1.456e-06 1.6927e-11 1.1528e-08 3.8171e-08 1.9066e-11 8.39e-12 1.1265e-08 4.5228e-12 3.2243e-09 2.949e-08 1.3238e-09 2.137e-11 1.2876e-08 6.6291e-09 2.1951e-08 1.0843e-08 9.2263e-09 3.1096e-08 2.7223e-07 1.6843e-10 4.4381e-10 2.3634e-10 1.4835e-08 6.8776e-08 0.014445 1.2057e-08 1.9623e-09 2.4318e-09 4.61e-10 2.2215e-10 1.5042e-10 6.9489e-12 8.2796e-09 5.3124e-09 9.711e-10 3.2899e-12 1.0952e-10 2.7012e-10 4.5482e-09 4.4106e-10 1.2349e-10 2.3901e-09 4.0818e-09 6.0854e-11 5.3643e-11 5.9101e-09 1.0002e-11 1.9986e-06 1.2995e-08 8.1385e-12 3.7934e-10 2.8095e-08 3.4227e-10 1.8587e-08 1.3533e-14 5.9289e-10 1.5288e-11 1.2545e-10 3.2927e-12 1.9198e-08 1.5383e-10 8.2527e-10 3.1799e-12 5.3124e-08 7.2621e-08 5.7145e-07 1.546e-11 2.8009e-08 7.017e-12 6.139e-13 2.5562e-11
4.1047e-10 6.5502e-10 3.4447e-06 5.8011e-11 1.1869e-11 2.034e-09 0 4.817e-11 1.1839e-10 2.717e-07 2.8097e-10 2.4187e-10 8.4262e-10 1.1643e-10 3.2701e-11 1.1645e-08 2.6414e-09 3.6402e-13 3.872e-10 4.1125e-11 2.8778e-10 1.0297e-09 2.9093e-11 4.2934e-10 3.9667e-10 1.7018e-08 5.9075e-10 7.5303e-13 4.8788e-09 7.2594e-12 1.2268e-09 1.5028e-11 5.9206e-10 1.6538e-08 1.5751e-09 1.1171e-10 7.4233e-09 1.8919e-09 3.2731e-11 1.603e-12 1.0725e-11 7.8234e-08 2.4672e-14 1.5462e-05 7.8979e-09 2.3441e-12 3.2639e-11 3.9102e-08 7.1309e-08 3.9072e-11 6.4566e-08 1.6101e-11 2.5719e-09 1.1819e-09 1.0084e-06 5.6682e-11 2.9336e-06 8.0924e-11 3.6809e-08 9.8908e-08 1.0125e-08 8.0034e-08 2.2412e-08 3.0868e-08 4.7483e-11 1.1558e-10 5.4659e-10 3.3004e-08 5.1773e-09 1.4263e-11 3.5145e-11 1.7963e-07 8.0443e-10 2.7136e-10 1.0791e-09 3.4692e-15 7.7273e-10 9.8203e-10 4.2481e-11 3.0922e-09 1.4847e-10 1.5676e-10 4.7976e-08 1.1621e-11 3.2521e-10 7.2698e-12 1.2045e-08 1.5078e-10 4.925e-10 4.0468e-11 3.171e-08 1.656e-09 1.5617e-09 1.0104e-10 2.262e-09 2.3055e-10 6.3641e-11 1.9618e-09 2.8271e-09 8.3962e-09 4.2809e-10 2.1493e-09 1.6549e-10 2.7772e-11 1.2327e-09 1.1388e-09 1.003e-07 6.7372e-12 1.7513e-12 1.8048e-10 3.973e-09 3.0002e-13 8.8068e-08 3.4144e-11 4.1368e-11 8.691e-11 9.7329e-08 4.6481e-09 2.1349e-10 7.0836e-08 8.3841e-10 9.2458e-10 1.1939e-12 5.3263e-10 2.286e-11 1.9431e-09 4.8407e-13 1.0364e-08 1.2199e-11 5.2663e-09 4.8922e-10 8.079e-09 9.2579e-10 1.5119e-10 4.4523e-13 1.5881e-12 7.4098e-12 2.1049e-11 7.6694e-10 3.5347e-10 1.1285e-09 7.0049e-11 6.896e-07 4.1344e-09 1.1463e-08 7.4048e-10 6.9215e-10 7.6865e-10 9.4979e-11 1.3521e-10 1.385e-08 2.4434e-10 1.9743e-10 1.0003e-09 1.5036e-11 3.3474e-12 2.0828e-09 1.4461e-09 2.0217e-11 7.3858e-10 5.4793e-11 1.8688e-09 4.4184e-09 1.7793e-10 1.7425e-10 3.1532e-08 1.8396e-10 5.1154e-11 9.0653e-10 5.9793e-12 1.8889e-10 6.9863e-12 4.1092e-11 1.2872e-10 3.5495e-09 9.4424e-10 2.1296e-09 2.9382e-08 2.4673e-08 3.271e-12 7.7581e-11 1.6633e-10 6.9441e-08 8.1404e-10 5.0897e-09 0.00016367 2.1577e-11 2.0271e-08 2.3532e-09 3.8424e-10 1.703e-10 1.1294e-11 1.0928e-09 5.5018e-09 1.0757e-08 2.3846e-11 1.4242e-12 4.8677e-09 7.9877e-10 6.0061e-10
2.6223e-10 1.0101e-07 1.9662e-09 3.4464e-12 1.9231e-10 1.5463e-09 4.817e-11 0 1.1803e-10 1.5581e-10 3.9492e-10 8.0006e-10 4.6639e-08 2.1615e-08 1.8297e-07 9.4166e-10 1.8209e-10 4.2504e-10 1.051e-08 5.1726e-11 5.0804e-08 1.3329e-09 8.0798e-12 2.3258e-10 1.5366e-08 6.6608e-10 1.4491e-09 3.7999e-12 5.616e-10 6.0865e-11 2.5806e-08 8.4786e-07 2.7445e-08 6.3573e-11 1.8712e-09 1.5861e-08 1.0604e-06 2.8692e-11 2.1216e-10 2.7453e-10 2.4034e-06 1.3721e-08 4.5735e-10 6.7952e-10 2.0727e-09 2.9469e-08 2.3236e-10 5.545e-13 1.8586e-07 1.275e-09 8.2508e-11 3.6273e-07 7.6113e-10 1.3193e-09 8.1453e-14 1.4683e-08 2.3714e-09 3.16e-09 6.5095e-06 7.5392e-09 7.6278e-09 1.1334e-08 5.0833e-08 1.0056e-08 2.7856e-11 3.5008e-09 1.8355e-11 1.6145e-08 1.1441e-08 6.2954e-10 2.3785e-09 7.8585e-08 6.2127e-07 2.0704e-10 1.4069e-10 2.0593e-10 1.7572e-11 2.1576e-12 1.8241e-10 2.4188e-08 1.2457e-07 1.6751e-10 8.9638e-09 3.6057e-10 1.4929e-10 5.6701e-09 1.4787e-10 6.9625e-10 4.1901e-07 9.7547e-10 2.4039e-09 8.1883e-10 8.4415e-08 1.2631e-09 3.3341e-09 5.5993e-09 3.2217e-10 2.6391e-13 4.8598e-07 2.7358e-11 3.1797e-12 1.2462e-08 7.4043e-10 2.1457e-10 2.7778e-10 5.3046e-08 8.6755e-11 1.2935e-10 9.7576e-10 7.2125e-10 8.4185e-10 5.1407e-13 9.5904e-08 1.3239e-09 7.7933e-11 3.4909e-08 5.5261e-10 1.2756e-11 6.5748e-11 6.3543e-11 1.4218e-09 4.5912e-08 8.0176e-11 1.7204e-08 5.9735e-09 8.6692e-11 9.904e-10 7.3328e-11 4.0241e-11 3.1047e-10 2.4538e-07 5.9896e-11 4.703e-06 3.2519e-10 1.3616e-09 3.2133e-08 8.6242e-10 1.2162e-11 4.2338e-12 1.3232e-09 8.1847e-10 1.6111e-10 1.2327e-05 2.6378e-10 5.6161e-10 1.1313e-08 1.3738e-10 7.1401e-09 2.648e-12 4.0752e-08 9.5243e-10 1.4295e-09 3.1095e-10 8.8201e-13 5.0544e-08 4.2995e-08 1.4016e-07 1.3788e-10 2.4797e-11 1.2962e-08 2.6044e-09 1.4201e-11 2.7036e-13 5.6263e-09 1.9926e-10 7.1804e-08 3.9146e-10 3.4422e-10 5.0477e-11 3.0509e-09 9.1331e-10 1.5441e-12 1.1691e-10 4.3473e-11 2.2638e-09 3.8364e-10 9.7569e-10 1.1146e-12 2.7208e-09 6.8059e-09 1.8277e-10 4.6907e-07 1.7405e-09 4.187e-10 3.4816e-09 1.1218e-09 3.0069e-10 8.9796e-11 4.7116e-11 1.2041e-08 1.0154e-07 1.2053e-09 2.3695e-13 2.197e-08 8.3345e-10 1.0285e-08 7.4139e-11 4.8547e-10 9.6434e-10 2.5879e-11
3.1214e-09 3.8805e-10 1.5222e-11 1.1219e-09 4.0844e-11 2.3814e-08 1.1839e-10 1.1803e-10 0 3.1203e-10 1.4476e-05 1.1344e-08 7.5916e-09 7.7778e-11 1.6372e-10 5.0208e-12 1.0718e-07 7.8253e-08 1.2533e-10 1.2173e-10 4.0728e-11 7.8549e-10 1.206e-09 1.4043e-10 3.9278e-10 6.5659e-14 8.0813e-17 1.3085e-08 5.6456e-08 5.3695e-09 8.8255e-09 7.0428e-13 3.8907e-07 2.1345e-09 1.4815e-07 1.9283e-11 5.5901e-09 6.8238e-08 1.0661e-10 4.0211e-09 1.6654e-11 2.3571e-07 9.1624e-11 3.018e-10 1.3646e-09 5.7965e-10 5.1183e-11 4.6932e-09 5.0619e-08 5.4841e-10 4.0025e-10 1.2791e-12 4.6347e-10 2.3582e-10 1.1573e-07 1.1434e-11 2.5815e-09 2.2481e-11 4.4464e-09 6.8566e-10 1.8903e-10 2.0594e-12 4.7407e-08 1.1745e-11 2.1403e-14 5.1128e-11 3.2865e-11 8.7373e-08 3.2124e-11 1.9988e-13 7.3208e-11 2.6859e-09 8.708e-11 2.7964e-11 1.6321e-09 9.6253e-11 4.3706e-11 2.2427e-10 2.3081e-10 1.4192e-11 1.2944e-10 1.9328e-13 3.0451e-11 5.4876e-10 2.7234e-10 8.6573e-12 1.3181e-08 5.7184e-12 7.9462e-08 1.3808e-12 1.3158e-09 1.2773e-11 2.376e-11 1.9293e-10 5.3049e-09 1.7125e-06 3.2294e-09 2.8493e-09 2.7135e-09 6.9139e-09 1.494e-11 1.5886e-10 5.2629e-09 3.9361e-11 1.7416e-09 3.8844e-08 3.5501e-11 3.4588e-11 3.9171e-09 6.1885e-10 1.48e-09 9.2081e-09 7.7885e-09 4.2458e-11 1.1789e-09 2.3721e-10 1.7628e-09 7.4897e-10 1.9307e-09 2.248e-07 1.3521e-10 1.9423e-13 8.0685e-10 7.5025e-11 1.1666e-08 2.6861e-10 1.8217e-10 5.171e-11 5.3921e-11 7.0623e-09 5.6573e-09 2.1311e-10 6.4307e-10 3.0532e-08 2.4611e-09 4.3545e-09 3.5724e-05 1.4672e-09 4.4194e-13 2.1456e-10 1.2527e-08 1.3091e-10 2.906e-09 8.835e-09 1.2967e-13 1.0941e-08 5.6016e-10 6.1289e-08 1.1828e-08 1.565e-10 1.559e-07 1.0686e-08 1.6438e-09 1.4229e-10 8.9059e-07 2.3719e-11 8.4436e-11 6.3982e-10 5.2717e-09 8.5621e-10 1.3458e-09 6.6763e-11 1.3202e-10 2.1778e-11 1.392e-06 4.7942e-09 2.6456e-11 1.3824e-10 1.7112e-08 6.321e-10 9.0296e-12 2.8446e-11 5.3189e-08 2.7085e-09 1.0983e-10 8.0268e-12 3.0256e-09 2.7554e-08 4.2306e-09 6.4895e-09 9.5122e-10 2.1305e-12 7.5177e-12 4.2231e-08 8.1532e-10 6.7832e-06 1.8209e-10 1.0025e-10 5.975e-11 2.4104e-14 2.3427e-08 1.9764e-10 7.4118e-11 5.6592e-10 8.5565e-14 0.00134 1.3095e-09 3.7206e-09 1.5124e-10 2.1497e-09
8.5593e-09 4.4302e-12 1.0688e-09 6.6768e-12 1.6591e-07 1.3154e-08 2.717e-07 1.5581e-10 3.1203e-10 0 2.5773e-10 1.7525e-09 8.2945e-12 2.7764e-11 6.1875e-11 1.2705e-11 1.9815e-07 2.6935e-09 1.692e-12 2.4632e-10 2.2258e-12 1.9302e-13 0.00013944 6.7043e-09 6.002e-10 1.5884e-09 4.5261e-08 2.4593e-10 1.081e-10 2.8872e-12 6.3565e-11 2.8309e-09 2.6474e-11 7.2101e-08 1.1898e-09 1.6358e-06 1.389e-09 1.4359e-07 8.4246e-11 2.9458e-11 8.5164e-12 3.6111e-09 8.1e-07 3.6502e-09 2.3072e-12 8.0552e-10 9.6103e-08 1.2615e-08 7.5509e-10 4.1786e-09 7.7947e-11 7.7527e-09 4.8032e-07 6.9967e-12 3.3407e-11 6.3762e-08 6.4696e-10 5.0903e-10 3.4181e-08 4.7635e-10 1.676e-06 6.5371e-13 3.8996e-09 1.283e-10 3.9136e-10 2.838e-10 2.4884e-11 9.0302e-10 5.7076e-10 1.2168e-09 1.7636e-06 3.2267e-10 2.3247e-10 1.5953e-07 6.1514e-11 6.0625e-10 3.116e-11 3.4825e-10 2.7288e-11 6.635e-09 6.2292e-09 7.2216e-10 6.2783e-09 2.0592e-10 1.5783e-09 2.0784e-09 1.3449e-11 6.2935e-09 6.6065e-10 8.1245e-09 2.0943e-09 5.5365e-12 1.181e-08 2.295e-11 9.8355e-11 3.6084e-11 7.3172e-08 1.6405e-09 3.5311e-12 2.5162e-11 8.0273e-10 2.0948e-07 1.9853e-11 7.8342e-11 9.3759e-11 4.9453e-11 1.5938e-08 5.8636e-10 1.086e-08 5.3536e-09 2.8337e-09 2.1858e-08 3.3967e-08 1.1526e-08 9.5779e-07 1.0927e-09 5.7097e-11 5.4581e-13 0.0004945 5.6753e-08 3.8801e-08 2.7876e-10 5.8849e-09 1.302e-10 1.1814e-09 3.451e-08 1.1623e-09 4.6022e-08 7.5311e-08 7.9013e-10 2.4388e-07 3.1851e-10 5.7482e-08 1.3485e-10 1.0454e-11 1.3632e-10 2.1981e-09 1.0006e-13 1.2785e-08 1.3391e-13 3.5244e-12 8.7429e-11 2.726e-07 2.3998e-09 2.7747e-12 8.3125e-08 3.7601e-10 4.0933e-08 7.4665e-11 7.9526e-07 1.8414e-11 2.8032e-11 2.4396e-10 3.3837e-10 4.7517e-12 1.6589e-08 1.0922e-08 9.312e-09 3.0513e-09 1.5167e-10 3.7129e-10 1.5996e-09 2.9623e-06 2.2193e-09 6.1893e-11 1.0715e-08 1.6509e-05 1.1577e-09 2.4569e-11 4.7889e-12 2.9311e-13 1.8726e-10 2.1765e-10 2.7084e-09 1.2656e-12 1.0374e-09 4.0151e-11 3.179e-08 5.3332e-09 1.4022e-10 3.6176e-10 3.3754e-12 1.7496e-09 1.271e-09 3.3211e-08 4.7664e-09 3.4986e-10 2.5635e-10 1.1198e-09 1.3241e-10 1.6786e-09 9.8785e-09 4.167e-07 4.7282e-10 2.0902e-10 5.9885e-09 4.0201e-11 2.5179e-13 8.7156e-09 4.2585e-11
5.1412e-10 3.2737e-07 4.0968e-10 2.7758e-09 6.5563e-10 4.2294e-08 2.8097e-10 3.9492e-10 1.4476e-05 2.5773e-10 0 2.0707e-07 1.315e-09 2.2427e-10 1.1407e-10 5.8767e-09 2.9442e-09 9.3316e-11 1.0263e-11 7.0618e-10 3.0765e-13 1.8902e-09 3.4991e-07 4.8635e-11 1.5291e-11 1.0771e-10 2.8339e-09 1.3567e-09 1.1551e-11 2.8685e-12 2.0124e-07 1.3871e-09 3.8197e-08 9.2246e-11 1.0182e-10 2.0934e-10 9.3581e-06 6.4044e-10 5.9873e-13 1.8488e-09 2.0787e-11 1.2173e-08 1.675e-11 9.1221e-10 3.5384e-10 1.4967e-09 5.5706e-13 8.9613e-09 1.5613e-10 1.8033e-10 9.6022e-10 7.3126e-11 1.5785e-07 1.2063e-07 2.6625e-08 1.0453e-08 7.1359e-10 2.715e-11 9.4299e-10 6.9914e-10 3.6757e-09 4.3873e-05 5.2748e-10 1.1103e-10 1.7334e-11 1.4531e-11 1.2462e-08 1.8198e-11 1.595e-09 5.6291e-10 1.0306e-10 3.9605e-12 1.8492e-08 4.3354e-09 9.1691e-09 2.8846e-11 1.0761e-10 4.1499e-08 1.3405e-11 3.8658e-12 2.5929e-10 1.8318e-10 3.1816e-11 5.4483e-09 2.0757e-10 7.1207e-09 5.7442e-10 6.818e-09 3.4902e-09 3.1476e-10 1.7464e-10 9.3995e-10 6.9212e-09 1.9975e-10 1.2079e-08 2.4034e-08 4.7445e-09 5.5014e-10 1.4292e-10 1.2413e-09 6.5475e-11 1.4524e-09 2.4422e-10 6.8969e-10 2.7621e-07 1.278e-09 3.0166e-09 4.5706e-10 1.6396e-06 4.3255e-08 8.7869e-08 6.2757e-12 8.4184e-10 1.6034e-11 1.3223e-09 1.3054e-11 1.8569e-10 1.436e-10 4.0437e-08 2.5833e-11 3.3811e-09 4.1364e-11 2.0605e-10 1.0306e-10 3.5077e-12 1.6088e-09 6.8828e-11 2.5191e-10 2.4521e-10 1.8792e-08 7.3554e-10 1.0033e-09 1.5406e-10 3.1906e-09 5.4979e-10 1.8657e-08 6.0478e-13 2.0136e-09 3.5196e-11 1.2464e-08 2.1356e-10 5.8833e-10 2.3575e-10 3.5113e-10 8.2284e-10 1.637e-07 6.0733e-09 2.0627e-10 2.2386e-08 1.3993e-08 2.2131e-11 1.1911e-09 1.0681e-13 4.9892e-10 3.9825e-11 6.0889e-07 2.9154e-07 4.366e-10 6.2371e-06 5.5468e-10 4.8775e-09 3.7002e-10 2.2668e-09 4.016e-12 7.3234e-09 1.1164e-08 5.3171e-10 1.568e-09 2.9593e-09 9.7986e-13 1.1379e-10 5.1017e-10 4.2477e-08 2.6789e-11 1.0999e-09 1.4943e-13 9.0775e-11 1.1533e-09 3.7153e-08 7.7633e-07 7.2435e-12 1.4054e-09 4.3255e-09 2.0184e-13 2.2289e-08 1.6254e-14 1.0175e-08 9.0653e-10 4.5826e-10 2.6358e-09 3.9119e-14 5.8078e-11 1.1675e-09 5.5744e-09 1.1219e-10 3.2035e-08 6.075e-09 1.2567e-08 1.9629e-08 1.4838e-10
6.2313e-12 4.7141e-11 4.2734e-14 1.2394e-12 4.6326e-11 4.2152e-09 2.4187e-10 8.0006e-10 1.1344e-08 1.7525e-09 2.0707e-07 0 5.0372e-10 1.1025e-09 4.3626e-11 2.3565e-09 3.2292e-10 2.4337e-08 2.8111e-14 2.4163e-11 1.2194e-11 4.254e-06 2.4597e-08 1.8852e-11 1.0118e-10 1.4736e-08 3.165e-15 2.0663e-09 3.9137e-10 7.8618e-11 7.2659e-10 2.7308e-08 5.5801e-10 1.2237e-11 6.1244e-11 1.7877e-08 8.4318e-10 3.4148e-12 6.3039e-09 2.7634e-10 1.898e-10 8.9109e-06 1.2556e-15 6.9543e-10 1.273e-08 3.7319e-12 1.1825e-11 6.6326e-11 6.7161e-08 6.8137e-08 1.9753e-08 1.5012e-09 1.1943e-06 4.4797e-10 2.0569e-08 1.9067e-09 2.3096e-09 1.2853e-08 1.2459e-08 4.1291e-11 7.8532e-10 1.3153e-08 1.5984e-11 1.9499e-09 6.6714e-08 7.5954e-08 4.4301e-12 4.9455e-08 3.6578e-07 2.1241e-12 2.4939e-08 4.8342e-08 2.4863e-10 5.4029e-09 1.3912e-10 2.5814e-10 6.8333e-11 2.0503e-10 2.8202e-10 9.3658e-11 1.9866e-10 5.9402e-12 6.4922e-09 3.3335e-13 1.9272e-10 2.5099e-07 3.6981e-10 2.2469e-10 1.4834e-11 1.085e-12 7.7906e-11 1.7186e-09 2.0612e-08 9.0019e-13 6.1861e-10 1.2966e-08 5.9164e-11 4.5022e-12 5.4508e-07 3.6779e-08 1.3107e-09 2.6914e-11 3.8109e-08 7.5102e-08 3.3461e-07 2.818e-11 8.9198e-11 8.7774e-11 1.8043e-10 1.8853e-10 8.38e-11 2.2572e-10 1.3001e-11 3.5538e-09 1.7846e-10 3.4953e-07 1.3622e-09 4.1504e-09 9.1064e-11 3.3353e-11 1.0208e-09 1.3156e-09 1.1611e-08 2.3974e-08 2.8412e-09 1.8206e-10 7.9072e-08 8.1914e-07 2.9051e-09 2.1409e-06 6.7678e-09 2.1375e-07 6.4985e-10 2.117e-08 4.148e-08 5.4894e-09 4.0156e-10 9.4666e-08 1.6077e-09 4.1819e-14 2.6137e-10 8.8817e-09 1.7018e-10 1.1922e-09 5.5631e-10 6.5123e-09 3.5265e-14 7.6362e-10 1.2821e-08 7.5063e-11 9.7193e-12 7.8246e-07 8.9241e-10 2.4734e-10 2.0164e-09 4.1296e-11 3.9168e-10 7.8708e-12 3.2259e-07 2.5588e-10 2.4369e-10 3.0671e-08 1.328e-08 6.6701e-10 1.3305e-08 3.8035e-11 5.5943e-07 1.6085e-14 2.3441e-11 5.0342e-10 5.0077e-07 5.7363e-11 1.4224e-10 1.7631e-08 2.8608e-10 9.2748e-11 6.5819e-09 1.8481e-09 4.0535e-09 6.0024e-09 1.4629e-12 4.104e-10 9.5243e-12 6.5167e-09 3.5583e-07 4.5421e-11 2.2615e-10 1.1263e-10 3.4644e-10 7.4054e-09 3.6046e-10 1.8084e-09 2.9714e-10 3.1833e-09 2.004e-08 1.969e-11 4.6317e-11 4.5336e-13 7.6056e-10 1.1026e-11
9.8966e-10 2.2537e-13 3.3542e-08 3.6532e-08 8.4159e-11 3.3151e-10 8.4262e-10 4.6639e-08 7.5916e-09 8.2945e-12 1.315e-09 5.0372e-10 0 2.0712e-08 4.2207e-10 1.3456e-08 1.9654e-11 4.4055e-10 3.2922e-11 1.0974e-10 2.3622e-10 4.8176e-12 3.028e-10 9.3914e-11 7.6424e-12 1.1601e-07 1.4966e-09 4.651e-07 2.0646e-14 6.4493e-12 1.3804e-08 3.1686e-08 1.4193e-11 3.6243e-07 1.1534e-08 5.5793e-09 2.0123e-11 2.1914e-08 3.3941e-07 2.5216e-10 2.7989e-09 3.1427e-08 2.8879e-09 3.3604e-10 3.0725e-10 5.9384e-10 2.3071e-10 2.2836e-12 2.729e-11 3.1367e-11 1.1067e-14 1.4724e-09 6.3284e-10 2.0074e-08 2.1359e-09 1.5202e-08 1.0427e-08 4.622e-09 1.1413e-05 3.3904e-09 5.6625e-10 4.0452e-12 1.5314e-11 3.5707e-10 1.6253e-08 4.6549e-10 1.1607e-10 1.9942e-11 3.5467e-08 5.963e-10 1.8537e-10 1.6511e-09 9.2197e-12 1.1472e-14 1.4974e-10 6.5899e-13 3.5797e-10 1.273e-09 4.0897e-09 1.977e-09 5.4927e-10 1.2776e-07 1.9416e-10 3.7837e-06 7.651e-13 1.5206e-10 1.9189e-09 6.4072e-09 2.5888e-12 6.698e-10 8.929e-10 1.9518e-11 7.7477e-09 9.7704e-08 7.8369e-09 6.2073e-09 1.4562e-08 6.0459e-10 5.5152e-08 8.5775e-10 5.5097e-11 3.3754e-08 4.3637e-08 2.3902e-07 1.0496e-10 5.9431e-11 3.4181e-10 9.6088e-10 1.402e-09 3.8391e-08 1.9597e-09 1.0384e-10 4.7212e-09 2.8811e-13 2.8714e-10 6.6812e-14 1.9091e-10 9.986e-06 3.8672e-12 3.4198e-09 3.4005e-09 1.7337e-10 1.4246e-10 5.5159e-11 4.7454e-09 4.9405e-14 7.3771e-11 1.1018e-08 2.9821e-08 3.4128e-11 7.457e-08 9.118e-11 5.5345e-11 8.2391e-06 8.1441e-12 2.3589e-10 3.9578e-06 1.6763e-12 8.6926e-11 3.3735e-10 3.1383e-11 9.3881e-08 6.3947e-13 4.3217e-12 1.3861e-11 6.7844e-09 7.3822e-12 5.6445e-09 1.2077e-11 2.1884e-09 6.3371e-10 2.6555e-07 3.9642e-10 1.3769e-09 5.5848e-10 9.6712e-08 1.1739e-13 4.3059e-07 2.8709e-07 3.2875e-10 1.3789e-08 1.7731e-11 4.6984e-09 2.8592e-11 8.2036e-12 3.0624e-07 1.1718e-10 4.3634e-08 4.6825e-11 3.4112e-08 3.4789e-10 8.4622e-10 1.5164e-08 2.5208e-11 1.7355e-09 4.3068e-10 1.1289e-11 3.1672e-10 2.6104e-06 1.8607e-09 1.5862e-10 2.2656e-11 2.8243e-10 1.4776e-08 3.9833e-08 2.1845e-11 4.6174e-10 5.3575e-11 6.5857e-10 1.6957e-10 5.0021e-12 1.0955e-08 1.1042e-07 1.1819e-10 1.2448e-08 7.7302e-09 2.1481e-08 2.8291e-10 2.3086e-10 2.2646e-09
1.7202e-05 3.633e-09 1.1153e-09 2.6951e-10 5.3283e-12 2.4018e-10 1.1643e-10 2.1615e-08 7.7778e-11 2.7764e-11 2.2427e-10 1.1025e-09 2.0712e-08 0 8.3984e-13 7.9613e-12 4.1411e-09 4.7591e-09 4.6748e-10 1.0536e-09 3.7467e-12 1.4137e-11 4.7295e-08 1.3257e-10 4.5459e-09 1.9175e-08 1.171e-11 1.5486e-11 1.4174e-08 6.9413e-09 2.2974e-10 1.3453e-09 4.1408e-07 1.4948e-08 1.6956e-11 2.4719e-09 4.6485e-12 3.8371e-10 6.1865e-09 1.0744e-09 4.6652e-10 4.1479e-08 2.0822e-11 1.5086e-11 3.3787e-12 3.7141e-11 3.9125e-12 6.631e-10 5.5643e-11 3.8195e-11 1.032e-11 5.8351e-09 5.0812e-09 1.0299e-10 5.8243e-09 2.415e-09 1.852e-08 3.4332e-10 8.9792e-12 4.0537e-08 1.2271e-12 1.4001e-10 2.1874e-09 8.0234e-08 2.7524e-09 5.7125e-12 1.7209e-07 3.0562e-10 1.2628e-10 1.8612e-09 1.1306e-09 7.0967e-11 9.0862e-11 1.7312e-10 1.36e-11 3.6739e-09 2.5307e-13 7.9391e-12 1.7007e-10 2.5368e-09 5.4899e-11 5.8541e-13 1.8865e-09 1.0566e-08 2.7229e-09 2.5475e-09 1.2622e-08 3.6697e-12 2.1113e-11 4.0005e-08 1.5826e-12 2.1877e-11 6.2793e-11 2.0985e-11 3.9624e-09 3.2568e-10 1.5211e-11 1.4637e-10 1.4326e-10 2.488e-09 1.2511e-09 4.8187e-10 8.4616e-11 1.2802e-10 2.3111e-10 3.1399e-09 2.8885e-07 2.0578e-11 2.7086e-14 3.6127e-09 1.0228e-10 4.1992e-09 6.1865e-09 8.2449e-10 1.4455e-11 3.5653e-11 1.3588e-12 1.9779e-08 3.5408e-08 8.7697e-11 3.0835e-10 5.6196e-10 5.3937e-10 5.8359e-10 2.5913e-06 1.6614e-11 1.7151e-10 1.2907e-13 3.0997e-08 1.5158e-09 2.5328e-07 7.9648e-10 8.8985e-09 1.194e-09 2.9557e-08 6.1425e-10 4.7327e-10 1.6753e-11 2.2534e-09 9.3581e-10 1.9114e-09 6.677e-10 3.1879e-09 2.4031e-09 4.3204e-10 1.0573e-09 1.4896e-12 1.882e-12 4.5068e-10 9.8145e-12 1.6719e-09 4.5982e-11 1.829e-11 5.7794e-10 7.087e-09 1.7695e-11 1.9462e-10 3.4887e-10 2.6997e-08 2.0713e-09 1.2435e-09 7.7801e-10 8.256e-10 1.7809e-09 2.0724e-12 8.921e-08 1.4897e-10 1.2926e-13 9.06e-13 1.8842e-12 1.674e-13 1.18e-06 5.2682e-11 1.9243e-08 6.5109e-09 5.2002e-10 1.9165e-07 1.3494e-10 3.1949e-11 1.3552e-09 2.7427e-07 1.0201e-11 1.3135e-11 8.5987e-10 7.4501e-09 3.5845e-07 3.3553e-10 2.5127e-13 3.3906e-11 5.4458e-10 2.5227e-09 1.3806e-09 7.4159e-11 1.9192e-06 5.3925e-13 1.4773e-10 4.7324e-08 9.6128e-13 5.3745e-12 1.2429e-08
3.8707e-10 5.3555e-10 1.7495e-12 7.8567e-10 6.5777e-10 4.9958e-10 3.2701e-11 1.8297e-07 1.6372e-10 6.1875e-11 1.1407e-10 4.3626e-11 4.2207e-10 8.3984e-13 0 1.1583e-10 1.5328e-08 4.5977e-13 9.9281e-10 6.5446e-07 9.6798e-11 2.2803e-09 3.7558e-09 8.3777e-10 5.6312e-09 1.8082e-08 3.8477e-10 1.5875e-10 4.4013e-06 6.9896e-10 4.4494e-10 2.5773e-10 1.3251e-10 1.2793e-09 7.6776e-07 1.7567e-05 7.404e-09 1.6626e-07 3.0214e-07 1.0909e-08 6.8871e-09 9.1457e-11 2.7101e-10 2.7284e-11 2.7974e-08 1.2069e-11 1.5344e-09 1.7489e-10 1.5819e-07 1.1949e-08 4.0026e-11 6.3563e-10 1.0417e-09 2.7372e-08 8.5621e-09 3.8919e-10 4.1106e-10 3.809e-12 4.0282e-15 4.1353e-10 6.6453e-11 3.4687e-11 5.6712e-08 3.1317e-10 1.5094e-12 2.6835e-10 1.1643e-11 5.7068e-12 2.86e-09 4.241e-10 6.1253e-11 4.7538e-11 2.3869e-07 3.3279e-11 4.5045e-10 2.2338e-11 4.0238e-10 4.9589e-11 3.0706e-11 1.385e-07 5.0621e-06 2.6149e-10 1.5565e-08 3.95e-09 1.1149e-05 5.7856e-10 2.9979e-08 4.5942e-09 8.3535e-10 8.4905e-09 5.2487e-11 2.9513e-09 3.3125e-09 2.9538e-08 4.4854e-10 2.9973e-08 4.1156e-09 1.6212e-08 5.1349e-10 1.4644e-08 8.0131e-09 7.1737e-11 6.078e-11 1.3566e-10 4.3846e-11 1.2184e-09 4.7778e-09 2.4525e-10 6.7855e-13 5.8838e-12 5.6989e-11 5.5877e-10 2.466e-09 2.0021e-10 4.4703e-10 3.68e-10 1.2489e-10 5.8436e-08 1.8411e-09 5.5014e-10 1.4377e-09 1.5183e-09 2.2896e-06 1.7724e-12 1.0741e-07 2.234e-08 8.2814e-11 5.4366e-11 4.5476e-09 2.1026e-08 1.7038e-09 4.6218e-10 2.7223e-10 3.1157e-10 5.978e-09 2.5547e-07 1.7725e-11 2.6541e-11 1.6726e-08 1.2799e-08 6.6531e-10 3.0458e-05 1.6535e-13 1.409e-08 4.7036e-09 1.9301e-08 1.5526e-11 1.1141e-09 6.8755e-07 7.7061e-09 1.0637e-07 1.3372e-08 1.234e-10 2.351e-09 1.3057e-11 8.3616e-11 6.789e-10 2.9536e-11 1.5935e-10 2.0175e-09 4.1834e-07 1.0356e-08 1.9969e-09 3.7933e-09 7.1607e-10 6.6622e-12 9.346e-06 1.2363e-08 3.3393e-11 3.6677e-11 1.8828e-08 1.154e-09 1.6006e-11 2.6136e-10 1.6935e-09 2.91e-06 9.498e-07 5.9606e-10 0.0013538 1.8717e-09 1.5323e-08 3.3081e-09 1.0458e-11 2.8703e-12 1.6461e-09 2.3582e-08 2.699e-10 2.6371e-09 1.2297e-09 5.5118e-09 1.1399e-09 1.8505e-10 3.1011e-11 3.831e-11 1.2255e-11 1.3432e-10 2.3069e-06 2.9191e-09 4.6634e-10 4.7441e-11
2.255e-08 7.1923e-07 3.1393e-10 4.0501e-08 1.7967e-12 2.8775e-09 1.1645e-08 9.4166e-10 5.0208e-12 1.2705e-11 5.8767e-09 2.3565e-09 1.3456e-08 7.9613e-12 1.1583e-10 0 2.8031e-08 1.6616e-10 1.0139e-11 2.0632e-09 1.0492e-10 2.3131e-10 1.7458e-07 1.8731e-11 1.2366e-10 4.2826e-09 1.6152e-12 7.3068e-08 9.4785e-10 3.6998e-11 3.9128e-10 2.8896e-08 8.1186e-10 2.5162e-09 7.9016e-12 1.1004e-09 5.5891e-14 1.6169e-08 1.1703e-10 1.0532e-09 1.4521e-11 6.7788e-09 1.0777e-09 5.4309e-11 2.1831e-13 6.5013e-11 7.3358e-10 2.3691e-09 2.9652e-09 2.1558e-10 1.3734e-09 1.3106e-08 4.9316e-13 3.2186e-05 4.0323e-10 1.937e-08 1.0344e-09 1.8175e-07 3.8893e-11 6.0506e-11 4.019e-11 6.7366e-14 1.1033e-09 1.452e-08 5.0157e-08 4.1673e-10 2.5817e-09 1.4373e-08 3.457e-09 9.6116e-10 9.5691e-09 6.3904e-06 2.0121e-08 4.8373e-09 3.3846e-08 4.5955e-10 4.1433e-08 4.3937e-12 1.089e-12 1.2926e-09 3.2809e-08 2.2256e-10 7.925e-10 1.8476e-08 4.8945e-13 2.3816e-09 7.1266e-09 3.2592e-08 1.4495e-07 6.4787e-07 2.9352e-11 1.1407e-09 2.3183e-09 7.9696e-14 2.4133e-10 1.4781e-08 1.7756e-07 4.0179e-11 2.6466e-10 4.8303e-12 1.4966e-09 1.6191e-09 1.2895e-08 1.0727e-09 2.3708e-12 2.0794e-10 4.5982e-12 2.9914e-10 8.6478e-10 6.4377e-08 1.1139e-09 4.2062e-09 3.866e-09 2.58e-11 4.678e-10 2.4217e-09 2.566e-12 1.8553e-07 2.0999e-09 3.534e-10 1.9952e-08 8.1784e-11 5.072e-09 3.4591e-09 1.7265e-10 2.0781e-09 3.3693e-11 4.9277e-11 1.7834e-09 6.7775e-09 2.4944e-08 2.8607e-10 2.0333e-08 1.572e-11 1.082e-10 8.0589e-08 1.4465e-09 1.5364e-10 2.4859e-10 1.1286e-10 1.2908e-10 1.7774e-08 2.9188e-10 2.1245e-11 3.469e-07 1.7666e-11 2.6241e-12 4.4214e-12 9.2623e-10 1.2446e-10 2.5176e-08 2.6025e-10 9.7965e-12 6.2693e-09 9.7327e-09 1.2025e-10 1.1412e-11 2.3014e-07 8.0233e-10 8.0894e-11 2.5732e-08 7.7842e-11 3.6694e-14 5.6704e-08 2.3028e-09 9.4085e-10 1.0298e-10 1.0945e-10 1.9067e-08 4.3707e-10 3.642e-09 2.5715e-10 4.1541e-10 5.0985e-09 3.9678e-10 7.9203e-12 2.652e-12 6.8751e-10 5.4293e-10 9.7869e-09 9.6963e-10 4.0814e-10 1.9377e-10 1.9644e-08 2.3249e-10 9.4098e-11 4.3543e-09 6.733e-08 7.746e-09 1.3972e-09 5.9964e-10 2.1681e-09 5.7932e-14 2.7753e-08 3.5282e-12 2.4883e-11 1.1501e-12 3.7277e-08 1.262e-08 3.2108e-10
9.4997e-11 8.272e-12 5.3931e-11 3.005e-10 3.9806e-09 2.1094e-08 2.6414e-09 1.8209e-10 1.0718e-07 1.9815e-07 2.9442e-09 3.2292e-10 1.9654e-11 4.1411e-09 1.5328e-08 2.8031e-08 0 5.6914e-09 5.0648e-13 9.1171e-11 3.6585e-07 2.1623e-09 2.4938e-10 1.7077e-10 8.0022e-12 5.0027e-10 1.125e-11 1.0903e-11 3.6017e-12 1.5208e-12 3.3081e-11 4.6028e-13 1.6172e-08 3.0566e-07 6.9936e-09 4.3531e-11 1.8439e-05 1.2212e-07 2.6327e-11 4.443e-12 1.4568e-08 8.0019e-12 5.3995e-10 4.5516e-10 2.03e-08 8.9288e-10 1.4092e-10 3.0843e-08 1.8312e-09 2.7192e-11 9.1484e-09 1.8318e-07 4.3138e-11 4.9702e-10 7.8754e-10 5.6108e-11 1.9216e-11 3.3102e-11 6.9386e-07 1.1309e-09 2.7785e-09 8.7147e-08 2.0621e-12 1.2713e-09 6.864e-10 2.7951e-09 1.1917e-14 2.2288e-13 1.3795e-11 2.3094e-12 2.5801e-09 4.1598e-10 3.93e-10 3.9501e-09 2.3888e-09 3.5513e-07 3.213e-09 2.585e-09 4.3431e-07 4.2834e-10 2.3316e-11 1.1011e-08 1.0007e-09 7.6324e-10 4.7397e-10 2.2553e-09 5.1705e-09 5.8068e-09 3.4915e-09 4.7051e-12 5.4345e-10 5.5472e-08 2.593e-08 1.0974e-11 2.8089e-06 7.0661e-09 8.1292e-09 8.1805e-07 2.0264e-10 2.7475e-08 9.5932e-12 3.1246e-11 1.1603e-09 5.6895e-09 7.3872e-10 7.881e-09 1.3403e-07 1.1558e-07 7.0086e-11 6.3612e-09 1.1848e-08 4.7257e-09 9.1814e-13 6.325e-10 3.0414e-11 9.8429e-08 5.4962e-11 4.2548e-10 3.0832e-08 6.3599e-10 3.7577e-11 6.508e-11 2.1197e-10 3.7218e-11 1.2284e-06 9.2573e-09 3.3944e-10 9.5338e-12 4.8133e-11 2.5396e-10 9.8039e-10 3.2286e-10 5.6285e-12 1.3598e-10 2.4276e-10 2.2383e-09 6.4976e-10 5.1398e-11 3.294e-16 3.753e-08 5.0609e-11 2.6149e-08 7.0534e-11 1.3007e-09 1.0317e-09 1.7076e-11 1.1935e-08 6.0382e-10 4.6267e-12 2.6681e-09 1.2574e-13 1.989e-08 1.1952e-10 1.4403e-05 2.2644e-10 5.0507e-11 4.9412e-11 4.5214e-09 1.161e-08 1.5185e-08 7.7571e-07 4.1345e-08 7.0883e-08 8.7167e-11 1.2158e-09 3.2344e-09 1.114e-08 2.0619e-13 1.2994e-10 7.4317e-11 1.128e-09 1.1837e-09 1.6381e-11 2.0588e-07 3.8856e-09 1.178e-11 1.2941e-10 4.9622e-12 5.062e-13 5.193e-10 3.5415e-11 1.5532e-10 3.7613e-11 3.9025e-08 2.2731e-08 1.0018e-11 1.1503e-10 2.9792e-10 1.301e-11 1.0681e-10 2.1894e-10 4.6963e-10 8.4504e-11 4.1439e-11 6.4354e-08 3.6607e-10 3.9801e-10 8.7916e-09 4.969e-10 2.1371e-12
1.937e-14 1.4028e-08 3.101e-09 3.8744e-10 7.5391e-06 8.1692e-12 3.6402e-13 4.2504e-10 7.8253e-08 2.6935e-09 9.3316e-11 2.4337e-08 4.4055e-10 4.7591e-09 4.5977e-13 1.6616e-10 5.6914e-09 0 3.1518e-10 8.1644e-10 1.0921e-09 9.1853e-09 1.2466e-06 2.6845e-09 1.8444e-13 5.7739e-11 5.3855e-11 5.1891e-11 2.2238e-11 2.1711e-10 2.8343e-12 1.3814e-08 1.4765e-07 4.1457e-08 3.0835e-08 1.547e-10 2.6396e-09 7.2229e-12 3.3374e-12 1.6077e-10 1.9359e-09 2.805e-09 5.3521e-11 2.6657e-10 3.2032e-11 1.0538e-07 4.3697e-09 1.4691e-10 6.5932e-10 8.5492e-10 3.8552e-09 1.9986e-09 4.2621e-09 2.3583e-06 6.3787e-08 5.533e-07 6.3789e-12 1.7288e-08 5.0586e-10 8.0812e-08 1.8369e-09 3.7127e-10 3.5644e-07 6.7418e-09 8.1669e-14 2.7137e-11 9.0989e-10 1.8728e-10 1.6433e-11 7.6963e-11 6.3695e-10 7.8146e-10 3.6792e-07 2.9889e-10 1.7083e-09 6.8374e-08 3.4551e-10 1.0144e-10 8.0866e-11 1.7067e-09 1.7578e-10 5.9688e-11 2.0304e-09 2.0224e-10 5.0823e-08 1.1258e-11 1.7818e-10 1.4189e-10 5.3316e-09 1.3102e-08 2.061e-10 1.0861e-10 2.6475e-08 5.7365e-10 1.0654e-08 3.1432e-10 2.8616e-09 2.2508e-09 1.4521e-11 2.1779e-08 1.6531e-09 9.9092e-13 1.3063e-09 4.2804e-10 5.7777e-08 1.594e-08 2.4886e-08 1.1337e-11 1.7712e-10 4.0697e-10 2.3909e-10 5.0223e-13 3.0506e-10 9.8616e-12 5.3427e-09 3.4522e-12 5.3161e-12 2.9104e-12 3.4702e-10 1.3543e-12 2.9472e-09 5.2751e-08 1.0201e-12 8.082e-11 4.6248e-07 5.7696e-09 2.309e-10 2.9888e-10 2.1223e-07 3.4544e-09 8.3049e-11 7.6591e-09 2.8284e-09 8.3566e-13 6.9484e-08 3.2534e-08 8.5013e-09 1.0332e-08 3.3471e-10 1.0965e-10 1.2146e-09 2.6893e-10 7.7383e-12 2.0193e-07 1.2021e-10 1.0737e-10 5.6528e-08 4.0453e-14 1.1899e-10 8.2507e-11 4.1355e-09 2.8836e-09 6.5547e-11 4.1602e-11 1.1805e-10 3.3741e-07 2.3458e-11 4.7343e-10 1.0888e-09 3.532e-10 3.4922e-15 2.008e-11 5.471e-10 3.6902e-11 1.1825e-10 4.9819e-08 6.1636e-11 2.9698e-09 1.9436e-11 5.9784e-12 4.7085e-08 1.6443e-10 1.6364e-10 8.2773e-08 5.7528e-09 1.9873e-10 6.5315e-12 1.2013e-07 6.5931e-10 1.6404e-10 4.8266e-10 8.2852e-10 1.1691e-08 5.9172e-12 4.0242e-08 3.142e-11 5.0992e-10 1.276e-08 1.3561e-07 1.1929e-07 3.0367e-09 5.3305e-12 1.3963e-13 1.4646e-09 4.296e-10 1.7287e-10 1.691e-07 1.2675e-12 6.7595e-08 2.7201e-10
