200
0 0.69139 0.32233 0.98862 0.72452 0.79648 0.7635 0.679 0.00034187 0.13882 0.64868 0.68974 0.30701 0.16874 0.12478 0.98546 0.13928 0.44611 0.032244 0.37114 0.047617 0.66966 0.10838 0.00079116 0.82577 0.039324 0.007046 0.00070958 0.49817 0.00030919 0.37486 0.93857 0.025066 0.27316 0.2157 0.00045199 0.80727 0.262 0.2729 0.034938 0.11381 0.056475 0.14536 0.095618 0.63616 0.00013214 0.063923 0.61249 0.09156 0.45937 0.00043575 0.58962 0.42086 0.4295 0.17104 0.44589 0.00053325 0.85994 0.39185 0.014921 0.10287 0.53061 0.18277 0.0072919 0.0038726 0.19756 0.14728 0.14513 0.016928 0.082627 0.16821 0.26801 0.00028728 0.40542 0.9842 0.47443 0.036386 0.0011342 0.87406 0.0092961 0.037961 0.25984 0.36744 0.17849 0.20289 0.49053 0.034911 0.83179 0.19244 0.87362 0.023796 0.70461 0.039675 0.62218 0.48934 0.73508 0.043616 0.26352 0.090843 0.98248 0.73084 0.42903 0.24549 0.10002 0.76017 0.0020018 0.21955 0.082561 0.75329 0.072299 0.65911 0.45533 0.89684 0.06364 0.29709 0.025271 3.3213e-07 0.050713 0.00080721 0.0098736 0.78439 0.39116 0.70821 0.65224 0.065827 0.67595 2.9772e-08 0.29523 0.12985 0.3286 0.074448 0.0014152 0.049844 7.2846e-05 0.055741 0.080688 0.023755 0.95662 0.18099 0.47244 0.61235 0.13869 0.0089239 0.0094773 0.11924 0.38838 0.70786 0.033525 0.17373 0.061811 0.3956 0.27439 0.05578 0.046932 0.056691 0.24374 0.14731 0.5507 0.0062737 0.1882 0.029685 0.8278 0.5301 0.40138 0.45287 0.90664 0.0245 0.00023773 0.031042 0.0037069 0.25464 0.43885 0.47228 0.66223 0.66728 0.13974 0.18369 0.05616 0.94729 0.36855 0.0012416 0.000441 0.4396 0.35559 0.42581 0.46663 0.74446 0.0078955 0.21384 0.55576 0.011627 0.35977 0.027824 0.87546 0.0029051 0.20913 0.65413 0.0011275 0.81879 0.55666
0.69139 0 0.16607 0.98345 0.80389 0.1564 0.52792 0.37828 0.94072 0.19259 0.95568 0.87602 0.06709 0.61748 0.0035295 0.013882 0.18827 0.78139 0.45445 0.535 0.49837 0.26523 0.47864 0.85309 0.47766 0.048654 0.080857 0.2517 0.74565 0.033933 0.0066295 0.055639 0.082897 0.040873 0.94165 0.15723 0.025206 0.14722 0.00020566 0.22952 0.41651 0.74108 0.083284 0.32811 0.0068599 0.19866 0.045801 0.81074 0.2701 0.061864 0.60524 0.99658 0.18226 0.18778 0.49151 0.11584 0.62769 0.52329 0.97357 0.22967 0.023605 0.23558 0.78262 0.079599 0.16025 0.10096 8.6972e-05 0.0060257 0.51654 0.74629 0.30775 0.53562 0.25662 0.49375 0.079645 0.58826 0.0025439 0.80087 0.46866 0.74911 0.32399 0.16828 0.087856 1.9984e-07 0.22892 0.30435 0.94851 0.40933 0.44532 0.070062 0.78795 0.029407 0.91314 0.17968 0.57539 0.0014788 0.022222 0.87856 0.066524 0.15954 0.14208 0.86522 0.097872 0.94098 0.092199 0.34021 0.13956 0.030391 0.0058943 0.84876 0.41252 0.036354 0.454 0.000292 0.81249 0.018189 0.99717 0.051652 0.71274 0.43012 0.053291 0.29009 0.030798 0.0099626 0.2932 0.00023921 0.70697 0.62164 0.042076 0.15414 0.14929 0.027562 0.27287 0.85096 0.22837 0.80947 0.09495 0.6532 0.48593 0.32062 3.047e-05 0.090882 0.29538 0.18652 0.30821 0.36178 0.71839 0.68142 0.95123 0.44746 0.63424 5.8791e-05 0.63796 0.065428 0.11212 0.72377 0.38349 0.34661 0.16925 0.030992 0.30839 0.015699 0.14182 0.0067179 0.58067 0.88444 0.69033 0.0081866 0.47635 0.044527 0.1519 0.12901 0.0021765 0.41429 0.68462 0.097971 0.19031 0.0061919 0.7765 0.14376 0.26736 0.168 0.31696 0.26579 0.43463 0.29639 0.47164 0.15204 0.003634 0.14224 9.8745e-05 0.063068 0.35976 0.017126 0.063157 0.003417 0.33865 0.26789 0.080634 0.07486
0.32233 0.16607 0 0.24859 0.18373 0.0071829 0.74883 0.77454 0.4828 0.2572 0.73844 0.3938 0.0019097 0.48925 0.17267 0.74229 0.0196 0.001493 0.42478 0.05459 0.10331 0.025866 0.64796 0.50037 0.061798 0.27233 0.00033038 0.11392 0.22707 0.89065 0.27496 0.29118 0.84736 0.39392 0.2771 0.34613 0.087955 0.048888 0.60229 0.29197 0.26954 0.02061 0.66519 0.54749 0.11591 0.77503 0.32257 0.031211 0.40789 0.74348 0.52366 0.0098565 7.8503e-05 0.00025159 0.65383 0.018379 0.72561 0.046406 0.068728 0.019958 0.45268 0.47327 0.54033 0.63094 0.13573 0.14433 0.56615 0.58325 0.089548 0.89182 0.52018 0.021635 0.89316 0.13679 0.0080887 0.8932 0.12365 0.72269 0.00011113 0.0041725 0.0065778 0.49985 0.70923 0.0026166 0.18027 0.16723 0.29518 0.21476 0.34538 2.8601e-05 0.79366 0.23541 0.029271 0.29502 0.5125 0.047705 0.71946 0.0063448 0.19883 0.29965 0.59415 0.13444 0.026638 0.0042333 0.10215 0.12369 0.38149 0.0017703 0.007539 0.060787 0.96053 0.1585 0.13618 0.003072 0.0011663 0.2418 0.5309 0.23845 0.42621 0.0080423 0.23264 0.50364 0.08429 0.54363 0.2617 0.5938 0.051416 0.67064 0.00089552 0.16158 0.24452 0.57496 0.48148 0.15989 0.14458 0.2242 0.17033 0.96955 0.08078 0.053745 0.22323 0.025572 0.91848 0.0025127 0.7112 0.37274 0.87996 0.024918 0.023215 0.25823 0.16578 0.26616 0.021365 0.46235 0.081151 0.19006 0.027407 0.14975 0.14195 0.84897 0.3596 0.3656 0.88711 0.81883 0.011297 0.81578 0.10749 0.88978 0.043751 0.072184 0.11118 0.75209 0.042158 0.82121 0.28287 0.62496 0.69365 0.15607 0.93571 0.35129 0.79692 0.01209 0.14121 0.93446 0.15173 0.22343 0.30316 0.34364 0.49856 0.047926 0.44761 0.37085 0.97579 0.095176 0.016548 0.4348 0.85534 0.18323 0.070865 0.81204
0.98862 0.98345 0.24859 0 0.14492 0.046745 0.0018673 0.71177 0.005494 0.094046 0.0082989 0.80207 0.72673 0.67097 0.00025419 0.13146 0.84871 0.19159 0.00011314 0.73713 0.00013105 0.031765 0.43958 0.16859 0.37738 0.30947 0.00055404 0.0024649 0.21652 0.53671 0.45254 0.029705 0.0042245 0.67095 0.17843 0.46717 0.064385 0.0067075 0.13242 0.41777 0.82464 0.5153 0.29804 0.22543 0.047913 0.16743 0.11006 0.10934 0.59797 0.81232 0.31573 0.0049011 0.5011 0.024263 0.54056 0.67593 0.7807 0.13788 0.55676 0.25769 0.024026 0.74068 0.024246 0.62503 0.97054 0.080469 0.0056565 0.43504 0.40375 0.79823 0.77144 0.0069252 0.20313 0.95752 0.065477 0.11769 0.84235 0.014258 0.64837 0.039429 0.32341 0.59332 0.65392 0.86531 0.73227 0.10365 0.092643 0.85236 0.2467 0.99581 0.279 0.71276 0.17393 0.11713 0.2641 0.12431 0.079401 0.56619 0.91856 0.12401 0.068026 0.32194 0.047052 0.0024635 0.53652 2.8792e-09 0.89057 0.040413 0.84015 0.63667 0.12044 0.36768 0.027559 0.097559 0.1699 0.021451 0.67566 0.050041 0.027392 0.88039 0.66876 0.044473 0.51567 0.81091 0.047049 0.34513 0.97172 0.37988 0.71675 0.82614 0.95925 0.12548 0.33382 0.63809 0.11844 0.75375 0.37114 0.14653 0.38417 0.051257 0.083891 0.82129 0.044994 0.046773 0.045952 0.34366 0.025146 0.73952 0.012424 0.2222 0.0047978 0.6581 0.70713 0.018587 0.022015 0.67037 0.076245 0.69827 0.19313 0.2218 0.7128 0.12229 0.50077 0.69022 0.29441 0.55981 0.17774 0.13815 0.017473 0.00049258 0.80514 0.57427 0.72387 0.40587 0.47949 0.86176 0.56011 0.0020042 0.76614 0.016482 0.0020507 0.17078 0.0033681 0.29483 0.62149 0.07939 0.14835 0.22975 0.0044559 0.96706 0.16364 0.54314 0.011311 0.16244 0.24378 0.33182 0.20788 0.0010552 0.17572 0.51678
0.72452 0.80389 0.18373 0.14492 0 0.54573 0.52604 0.45444 0.36038 0.17796 0.017044 0.071207 0.023044 0.076597 0.96489 0.31075 0.032961 0.93367 0.54121 0.013157 0.0039905 0.35604 0.0035979 0.22404 0.012359 0.00023653 0.0017087 0.04831 0.044463 0.039484 0.44985 0.001808 0.0090064 0.65188 0.097749 0.007452 0.27607 0.22932 0.13284 0.42219 0.0845 0.24171 0.091026 0.35914 0.00029661 0.50012 0.58076 0.82852 0.61388 0.00091359 0.95285 0.11455 0.094928 0.050833 0.10796 0.51206 0.065841 0.082676 0.25191 0.02613 0.15875 0.019158 0.66088 0.93933 0.24362 0.54252 0.81468 0.74639 0.0053264 0.70352 0.20971 0.0204 0.90884 0.2548 0.28004 0.068884 0.88665 0.1072 0.1779 0.042896 0.79135 0.05875 0.95774 0.22556 0.94948 0.70632 0.25211 0.0099103 0.0033841 0.59973 0.02804 0.61263 0.00090973 0.44091 0.18154 0.12793 0.67793 0.68239 0.11901 0.080907 0.74931 0.47 0.93266 0.24849 0.13425 0.44945 0.66964 0.22528 0.0029966 0.61543 0.0014681 0.14002 0.0001273 0.90264 0.098674 0.41182 0.60977 0.79585 0.75621 0.66812 0.71804 0.92621 0.3679 0.013329 0.0089162 0.00048802 0.51022 0.29933 0.057098 0.22402 0.7358 0.61897 0.6991 0.1949 0.4457 0.042193 0.48571 0.43279 0.023186 0.18551 0.43431 0.080924 0.38751 0.46496 0.69708 0.02612 0.83824 0.18916 0.50045 0.56358 0.255 0.031338 0.78634 0.051165 0.14619 0.014407 0.32365 0.30211 0.94568 0.13565 0.87301 0.78488 0.021503 0.77562 0.38108 0.44747 0.1354 0.46211 0.19273 0.41538 0.0015718 0.0060578 0.0048416 0.66349 0.79712 0.36162 0.0502 0.28034 0.15861 0.074598 0.7601 0.17716 0.19491 0.48642 0.58108 0.10464 0.24563 0.22065 0.002434 0.13155 0.0022197 0.27909 0.6446 0.77996 0.14767 0.35302 0.87791 0.49689 0.0062553 0.68732
0.79648 0.1564 0.0071829 0.046745 0.54573 0 0.96869 0.16233 0.17574 0.0012077 0.22835 0.31223 0.091162 0.31072 0.13055 0.0011969 0.023437 0.66773 0.12222 0.095082 0.81762 0.82279 0.15841 0.45161 0.80063 0.31853 0.06854 0.26052 0.043453 0.33982 0.0090495 0.51648 0.89473 0.32721 0.001622 0.23398 0.1586 0.0047276 0.0025395 0.06993 0.43005 0.0052094 0.18778 0.32451 0.26993 0.7787 0.084764 0.52631 0.13638 0.032349 0.089725 0.2006 0.83536 0.0025948 0.54547 0.63379 0.42479 0.68221 0.70021 0.6599 0.28312 0.0093579 0.62802 0.0055776 0.17639 0.97888 0.43324 0.23479 0.85251 0.15012 0.61462 0.53541 0.63445 0.00231 0.91426 0.27329 0.36534 0.022117 0.31573 0.1602 0.57822 0.39726 0.10571 0.90547 0.12807 0.056704 0.57562 0.13667 0.11069 0.63128 0.74841 0.75681 0.0926 0.31457 0.18464 0.851 0.06696 0.19228 0.024001 0.038105 0.060264 0.021139 0.0056785 0.2102 0.83434 0.51108 0.40065 0.62222 0.74158 0.59397 0.18727 0.013711 0.65048 0.20668 0.46196 0.50687 0.0073911 0.52435 0.33758 0.43819 0.096496 0.57884 0.55771 0.68656 0.15865 0.75951 0.05897 0.79393 0.55327 0.71659 0.92239 0.28662 0.084035 0.058003 0.824 0.49434 0.11524 3.352e-07 0.64438 0.5121 0.14917 0.042606 0.010717 0.0073316 0.027971 0.84313 0.0097317 0.0011339 0.012571 0.024876 0.78514 0.83337 0.22054 0.10101 0.80181 0.79759 0.55507 0.75919 0.21278 0.049427 0.59279 0.17198 0.0080294 0.066842 0.25301 0.30416 0.0022332 0.40918 0.80344 0.1122 0.25275 0.058742 0.85395 0.42422 0.038212 0.069212 0.10755 0.38855 0.91044 0.40941 0.83894 0.027109 0.046054 0.84691 0.188 0.10589 0.069159 0.44582 0.17653 0.90758 0.22419 0.17341 0.30812 0.143 0.13884 0.070113 0.69179 0.73229 0.32878 0.19155
0.7635 0.52792 0.74883 0.0018673 0.52604 0.96869 0 0.060136 0.85852 0.98749 0.0017531 0.82268 0.094228 0.68397 0.11042 0.25927 0.084009 0.18167 0.0050582 0.74722 0.15265 0.41547 0.25877 0.10729 0.0059335 3.2883e-05 0.070364 0.47459 0.98983 0.31935 0.0064405 0.55296 0.56584 0.13845 0.61492 0.21452 0.76022 0.034633 0.388 0.67963 0.0010566 0.76349 0.25381 0.26798 0.8846 0.11959 0.091242 0.35127 0.27935 0.14936 0.25911 0.29305 0.13179 0.16246 0.021892 0.28074 0.7352 0.38405 0.35831 0.50465 0.50049 0.020856 0.090806 0.45928 0.14873 0.0010089 0.86041 0.041044 0.27394 0.47051 0.28891 0.45457 0.00035279 0.001738 0.48297 0.49725 0.1149 0.035965 0.18436 0.038268 0.00015513 0.03516 0.77212 0.91327 0.00025932 0.92879 0.73621 0.069989 0.15276 0.90199 0.0034084 0.34933 0.95377 0.35509 0.069244 0.024441 0.0011506 0.13408 0.0047272 0.78636 0.082266 0.17001 0.001774 0.63691 0.872 0.98121 0.65396 0.38183 0.71801 0.026197 0.97765 0.077156 0.16812 0.43704 0.5172 0.90736 0.11709 0.16422 0.12095 0.0014757 0.027058 0.0082533 0.028634 0.0019862 0.087416 0.034652 0.0018352 0.84068 7.3374e-05 0.28201 0.30576 0.62747 0.55224 0.025536 0.066959 0.16003 0.97885 0.41232 0.15874 0.29221 0.067808 0.098901 0.14786 0.98004 0.50431 0.52045 0.58073 0.70865 0.5066 0.73954 0.20138 0.30035 0.16121 0.10147 0.28299 0.0036262 0.27435 0.89508 0.051885 0.98343 0.2257 0.42409 0.27349 0.0058836 0.014678 0.91443 0.9771 0.0012563 0.33424 0.95604 0.0089143 0.24256 0.054253 0.0049589 0.30252 0.92828 0.0076553 0.10922 0.18023 0.0082098 0.076721 0.73563 0.40054 0.58255 0.23008 0.31543 0.0091635 0.007624 0.2249 0.67504 0.94146 0.13562 0.037746 0.11502 0.092986 0.84536 0.82078 0.12823 0.70509 0.21831
0.679 0.37828 0.77454 0.71177 0.45444 0.16233 0.060136 0 0.93401 0.70439 0.060529 0.56732 0.093323 0.29498 0.37439 0.051981 0.32572 0.3463 0.72458 0.13794 0.060842 0.032031 0.21561 0.2409 0.87251 0.56171 0.89868 0.65758 0.5853 0.96306 0.36752 0.99524 0.10761 0.29983 0.16453 0.42212 0.0086223 0.029617 0.086988 0.62113 0.18342 0.094674 0.63144 0.10054 0.25972 0.98342 0.001703 0.70381 0.092601 0.67231 0.00029746 0.9169 0.24871 0.95092 0.088628 0.21663 0.83308 0.7757 0.47345 0.11295 0.24168 0.23387 0.090496 0.57916 0.99478 0.78687 0.41098 0.18257 0.95966 0.59175 0.15585 0.33295 0.97375 0.48172 0.057533 0.7982 0.1016 0.029432 0.76922 0.045021 0.041682 0.17359 0.20025 0.87599 0.08243 0.3468 0.3133 0.66967 0.26194 0.02233 0.016783 0.54254 0.14324 0.2724 0.52555 0.85931 0.41917 0.0017316 0.58574 0.85431 0.11746 0.059567 0.73526 0.015201 0.00070947 0.42783 0.5356 0.57877 0.032491 0.75165 0.059028 0.10986 0.92574 0.052479 0.34082 0.81863 0.2528 0.00022296 0.61875 0.77718 0.66243 0.085772 0.41678 0.79354 0.55288 0.038223 0.5191 0.71053 0.07936 0.10317 0.023701 0.049293 0.077842 0.040003 0.027458 0.96198 0.12471 0.067461 0.12235 0.39658 0.094184 0.019826 0.58809 0.38922 0.74144 0.28993 0.12624 0.092471 0.15805 0.94532 0.0013854 0.4183 0.55223 0.025439 0.33059 0.52255 0.77838 0.023967 0.56254 0.54503 0.29667 0.18428 0.97719 0.43541 0.44694 0.059297 0.36773 0.92361 0.14903 0.65431 0.30291 0.026462 0.094963 0.38403 0.87999 0.037032 0.072828 0.47173 0.93256 0.95126 0.35939 0.16675 0.033987 0.14428 0.13132 0.44861 0.90653 0.20198 0.010722 0.019281 0.93219 0.03556 0.19637 0.80607 0.0097252 0.10982 0.10393 0.69683 0.078405 0.12041
0.00034187 0.94072 0.4828 0.005494 0.36038 0.17574 0.85852 0.93401 0 0.81373 0.0017248 0.087685 0.0082777 0.80954 0.1744 0.29735 0.83915 0.67849 0.10364 0.04573 0.981 0.18456 0.32544 0.30744 0.96811 0.042874 0.1827 0.78809 0.24199 0.098282 0.44477 0.41702 0.05456 0.088993 0.49151 0.48127 0.02856 0.16578 0.057018 0.48006 0.0026082 0.54631 0.62124 0.47177 0.86208 0.37295 0.15093 0.21478 0.78092 0.011204 0.95111 0.34728 0.9094 0.019313 0.00081682 0.7015 0.64963 0.0015268 0.13154 0.90807 0.2524 0.41543 0.00032641 0.75343 0.6924 0.014923 0.1242 0.23938 0.092062 5.8814e-05 0.447 0.00072476 0.64631 0.61707 0.4694 0.0015776 0.0008 0.0081958 0.76888 0.29151 0.97767 0.48013 0.84931 0.51097 0.41751 2.8264e-06 0.20642 0.26175 0.047666 0.085993 0.00076375 0.25153 0.50224 0.46799 0.078245 0.71693 0.46932 0.37287 0.81737 0.4305 0.69459 0.95875 0.57376 0.64073 0.51843 0.02079 0.40138 0.17756 0.79284 0.065301 0.40921 0.1496 0.94483 0.68986 0.66044 0.36658 0.20137 0.15522 0.55498 0.049476 0.17526 0.039622 0.43656 0.64895 0.10223 0.86155 0.25239 0.00047112 0.55537 0.00014401 0.88298 0.027035 0.73788 0.54487 0.016754 0.94197 0.44066 0.0046594 0.1339 0.55032 0.46912 0.050775 0.036996 0.56177 0.074637 0.52195 0.44673 0.014767 0.55604 0.22265 0.40671 0.59382 0.26345 0.079039 0.37082 0.016121 0.66161 0.89435 0.27128 0.22556 0.55113 0.38918 0.061957 0.48882 0.60705 0.27611 0.60843 0.77049 0.064731 0.31809 0.71013 0.00078297 0.92532 0.25775 0.29734 0.71215 0.11177 0.016918 0.7004 0.84018 0.57746 0.00037254 0.13389 0.4777 0.020255 0.82949 0.47334 0.84003 0.21056 0.6967 0.075841 0.0324 0.43747 0.89773 0.00081748 0.021432 0.043287 0.82248 0.92276 0.34127
0.13882 0.19259 0.2572 0.094046 0.17796 0.0012077 0.98749 0.70439 0.81373 0 0.01673 0.031431 0.25713 0.19541 0.9636 0.5681 0.05497 0.68013 0.040043 0.74155 0.86289 0.44573 0.70263 0.00034658 0.066507 0.040824 0.014564 0.054526 0.50487 0.72859 0.026785 0.061933 0.92197 0.00013312 0.028985 0.77579 0.027239 0.91923 0.24837 0.45621 0.45271 0.017303 0.81771 0.99341 0.01779 0.43343 0.22609 0.0001305 0.016725 0.1618 0.86617 0.036253 0.056537 0.88637 0.64913 0.80311 0.81992 0.50917 0.62126 0.62553 0.00064237 0.0037488 0.020746 0.049447 0.95579 0.15612 0.26591 0.24587 0.0069747 0.18156 0.033669 0.051421 0.64059 0.0027535 0.0029888 0.0031996 0.28851 0.38254 0.0018282 0.41648 0.069161 0.91572 0.098147 0.027028 0.96489 0.0001505 0.3703 5.8916e-06 0.040888 0.00063864 0.27646 0.21236 0.3087 0.06989 0.23106 0.89898 0.12763 0.42831 0.067796 0.71689 0.076403 0.32983 0.00034688 0.50805 0.40786 0.78717 0.0059073 0.55955 0.036776 0.051651 0.15759 0.99591 0.050803 0.0080574 0.40967 0.19506 0.17945 0.30529 0.093057 0.0062089 0.034511 0.95996 0.32529 0.39511 0.18593 0.82833 0.23049 0.028192 0.11618 0.24899 0.17934 0.45299 0.94635 0.61973 0.60949 0.61222 0.29539 0.004501 0.0062122 0.81794 0.066962 0.85344 0.24834 0.56617 0.86178 0.0037226 0.011773 0.077945 0.13049 0.10337 0.11216 0.57059 0.01323 0.21119 0.32974 0.70943 0.2298 0.37774 0.44235 0.012328 0.017678 0.18834 0.70342 0.82144 0.024657 0.089513 0.59152 0.12741 0.89406 0.45014 0.051275 0.59316 0.42793 0.09268 0.9464 0.00034238 0.76263 0.75329 0.71159 0.12526 0.15931 0.22535 0.23097 0.96025 0.12261 0.0022564 0.64378 0.43595 0.059697 0.03571 0.16096 0.1795 0.00011555 0.9491 0.44528 0.37308 0.53518 0.96115 0.36878 0.6058
0.64868 0.95568 0.73844 0.0082989 0.017044 0.22835 0.0017531 0.060529 0.0017248 0.01673 0 0.31793 0.089132 0.66918 0.75217 0.090211 0.15202 0.15012 0.3191 0.5417 0.29401 0.49722 0.015824 0.044861 5.3261e-05 0.66244 0.020785 0.041287 0.72881 0.19992 0.19461 0.45196 0.48092 0.0053602 0.76165 0.12663 0.98806 0.052893 0.88439 0.079887 0.19209 0.71878 0.30029 0.38687 0.76743 0.084887 0.03516 0.35944 0.041384 0.93093 0.014396 0.45841 0.3201 0.20118 0.56185 0.42955 0.089342 0.5546 0.21745 0.57016 0.86054 0.027485 0.88773 0.28756 0.096821 0.10115 0.45348 0.12043 0.24331 0.56442 0.42648 0.48862 0.38562 0.88899 0.47902 0.024791 0.42561 9.7754e-05 0.23762 0.33771 0.44115 0.42767 0.31287 0.47343 0.098651 0.032589 0.25699 0.36553 0.076543 0.3331 0.088931 0.50123 0.42809 0.019394 0.12377 0.017876 0.87384 0.00059367 0.004047 0.068496 0.025838 0.40187 0.294 0.016972 0.05642 0.1083 0.00046377 0.00070288 0.036949 0.40046 0.2473 0.21399 0.00044358 0.40422 0.058223 0.88788 0.31375 0.11426 0.59243 0.016997 0.49682 0.1602 0.41908 0.30944 0.13466 0.19238 0.011753 0.12301 0.99177 0.00046488 0.0035299 0.43449 0.32964 0.056721 0.27115 0.052079 0.38085 0.9304 0.06269 0.099242 0.87172 0.026839 0.0053629 0.66314 0.32175 0.74632 0.5813 0.28126 0.054682 0.29077 0.87366 0.16377 0.15167 3.7372e-06 0.045072 0.42437 0.036423 0.013904 0.075602 0.047776 0.13859 0.82901 0.084785 0.25179 0.48249 0.37418 0.016191 0.16747 0.50301 0.41139 0.0026353 0.1932 0.34735 0.018462 0.88589 3.6929e-05 0.095837 0.00040778 0.40485 0.42725 0.15246 0.39746 0.24946 0.17243 0.75285 0.97116 0.030564 0.87614 0.41801 0.00027402 0.50108 0.66529 0.013444 0.51049 0.046028 0.076883 0.9629 0.6069 0.81114 0.42786
0.68974 0.87602 0.3938 0.80207 0.071207 0.31223 0.82268 0.56732 0.087685 0.031431 0.31793 0 0.53875 0.02874 0.77877 0.39615 0.065459 0.25809 0.0082172 0.074621 0.84938 0.17338 0.16476 0.024424 0.0003033 0.11674 0.49577 0.031063 0.22155 0.13661 0.22107 0.2551 0.10233 0.36622 0.78776 0.26129 0.36417 0.65469 0.073064 0.10533 5.3952e-05 0.38744 0.086241 0.00055026 0.79368 0.16646 0.051531 0.015357 0.0026518 0.45194 0.18941 0.84742 0.60164 0.69087 0.3222 0.056068 0.3751 0.241 0.40565 0.012739 0.68763 0.0061049 0.44718 0.48631 0.1048 0.2051 0.12832 0.63644 0.0089565 0.17924 0.31205 0.74259 0.67259 0.023839 0.183 0.10717 0.08649 0.15342 0.44352 0.30155 0.94861 0.92713 0.95974 0.035791 0.058724 0.12881 0.051922 0.010902 0.71063 0.63314 4.3576e-06 0.0064646 0.022419 0.37825 0.094501 0.7769 0.85965 0.20814 0.7986 0.026736 0.0046744 0.40518 0.056247 0.13785 0.047955 0.3238 0.64883 0.90463 0.52675 0.28034 0.46119 0.425 0.082762 0.39571 0.23056 0.90468 0.21921 0.35775 0.35215 0.54411 0.067284 0.42303 0.80841 0.0187 0.33911 0.00018041 0.51308 0.43403 0.57791 0.071621 0.85326 0.28211 0.050272 0.077847 0.47478 0.31425 0.03067 0.32452 0.21181 0.31855 0.69327 0.00010121 0.0035888 0.22452 0.2761 0.94279 0.5604 0.67642 0.15288 0.27745 0.76663 0.52882 0.048519 0.13269 0.041005 0.38358 0.15247 0.035682 0.68769 0.45099 0.4692 0.9082 0.0059262 0.64969 0.12591 0.036176 0.87649 0.47852 0.31399 0.61295 0.16966 0.045424 0.081945 0.45086 0.43474 0.12107 0.0073746 0.22106 0.49863 0.50883 0.23671 0.59952 0.21308 0.28994 0.035288 0.64749 0.92311 0.26244 0.26744 0.9008 0.28766 0.016649 0.81066 0.034533 0.79111 0.34328 0.031732 0.24787 0.19124 0.13235
0.30701 0.06709 0.0019097 0.72673 0.023044 0.091162 0.094228 0.093323 0.0082777 0.25713 0.089132 0.53875 0 0.56831 0.40116 0.00025039 0.74825 0.23392 0.007781 0.05204 0.84591 0.9992 0.00052681 0.063659 0.18799 0.1884 0.033855 0.68539 0.57969 0.79797 0.24893 0.65667 0.78222 0.1622 0.25602 0.082506 0.69754 0.33753 0.085081 0.033687 0.00047974 0.047018 0.7715 0.93671 0.71591 0.86998 0.003979 0.016382 0.1286 0.72408 0.42827 0.028389 0.35441 0.99908 0.073217 0.13735 6.6505e-05 0.32511 0.61392 0.26865 0.97497 0.18029 0.0049979 0.098112 0.81715 0.17636 0.13303 0.022238 0.03635 0.3955 0.55241 0.087376 0.146 0.0055107 0.15452 0.21622 0.21256 0.1487 0.92527 0.092944 0.4439 0.71914 0.14332 0.0042655 0.080121 0.50758 0.5107 0.69603 0.0059933 0.44622 0.15935 0.45504 0.11026 0.70269 0.0019627 0.67949 0.74914 0.30192 0.29901 0.12941 0.35251 0.0074654 0.86555 0.64409 0.046867 0.32582 0.99625 0.20889 0.017555 0.49463 0.73968 0.47326 0.72986 0.91638 0.62078 0.27095 0.11033 0.7092 0.07054 0.25753 0.70165 0.45069 0.77974 0.032009 0.28931 0.17835 0.35536 0.13046 0.87034 0.083297 7.8973e-05 0.084432 0.29468 0.09789 0.040033 0.25668 0.84431 0.11776 0.9081 0.00036458 0.25146 0.26374 0.49152 0.014767 0.44289 0.7021 0.054339 0.00046793 0.17272 0.88769 0.41674 0.010588 0.20638 0.15241 0.00023052 0.43856 0.54469 0.76094 0.051536 0.73852 0.77296 0.011889 0.36809 0.1737 0.11139 0.47627 0.5802 0.31664 0.18075 0.31197 0.00043254 0.47495 0.10229 0.18826 0.47712 0.52419 0.36122 0.33255 0.39883 0.56343 0.3218 0.84264 0.031506 0.18965 0.6955 0.0075031 0.031513 0.63655 0.37833 0.1127 0.0025197 0.7802 0.00071999 0.33498 0.019739 0.47923 0.62463 0.80052 0.61192 0.022949
0.16874 0.61748 0.48925 0.67097 0.076597 0.31072 0.68397 0.29498 0.80954 0.19541 0.66918 0.02874 0.56831 0 5.1552e-07 0.91259 0.28702 0.0027577 0.023953 0.76401 0.70566 0.07221 0.057402 0.32124 0.041873 0.12198 0.094471 0.012512 0.54244 2.6832e-05 0.30379 0.13464 0.91783 0.12406 0.10183 0.061 0.086556 0.72669 0.99222 0.083195 0.21703 0.56679 0.31362 0.83461 0.080279 0.9607 0.67987 3.04e-05 0.0018712 0.48793 0.30259 0.03688 0.12639 0.35629 0.0073715 0.16994 0.020124 0.17167 0.94284 0.38594 0.74459 0.21637 0.3801 0.35435 0.60076 0.68317 0.67434 0.89411 0.88652 0.99218 0.075402 0.96765 0.86324 0.12476 0.63975 0.085675 0.0070629 0.078898 0.35869 0.86735 0.016609 0.78307 0.194 0.79633 0.1668 0.13542 0.086004 0.022872 0.032187 0.31433 0.018805 0.28924 0.9865 0.12004 0.024444 0.32786 0.99623 0.92549 0.62078 0.30285 0.98235 0.66616 0.41897 0.63309 0.0039868 4.8316e-05 0.68109 0.044775 0.20387 2.5523e-05 0.012646 0.074371 0.17054 0.76986 0.85415 0.15172 0.39219 0.82735 0.70965 0.10029 0.6812 0.41365 0.043451 0.22683 0.045476 0.88462 0.089955 0.77132 0.56744 0.539 0.92384 0.0016282 0.083307 0.040794 0.17162 0.79827 0.31897 0.13845 0.13599 0.35505 0.69671 0.13338 0.66896 0.0012982 0.77635 0.88504 0.053485 0.60091 0.35716 0.01927 0.95535 0.76793 0.010636 0.10357 0.69457 0.17893 0.00055863 0.80034 0.095741 0.63583 0.89331 0.35738 0.032552 0.18038 0.64545 0.35637 0.051713 0.082129 0.024013 0.18853 0.0011239 0.025401 0.002778 0.46239 0.069273 0.36554 0.83931 0.44751 0.37401 0.0063579 0.087223 0.99247 0.063 0.73907 0.74278 0.24717 0.14249 0.032684 0.58959 6.5771e-05 0.55374 0.61021 0.1263 0.74026 0.29981 0.035539 0.028174 0.35497 0.16799 0.2959
0.12478 0.0035295 0.17267 0.00025419 0.96489 0.13055 0.11042 0.37439 0.1744 0.9636 0.75217 0.77877 0.40116 5.1552e-07 0 0.072599 0.02472 0.045371 0.76802 0.088595 0.048494 0.51246 0.017158 0.62501 0.92092 0.29632 0.11641 0.091237 0.01921 0.1721 0.7085 0.31609 0.0017454 0.30121 0.017302 0.55531 0.21303 0.93132 0.91469 0.066256 0.10199 0.11012 0.00073553 0.016359 0.018521 0.0021184 0.21586 0.71245 0.17786 0.28452 0.086108 0.45052 0.0040828 5.4418e-05 0.044354 0.15007 0.59912 0.057165 0.32886 0.015007 0.015542 0.1176 0.022547 0.017174 0.15038 0.018435 0.12785 0.35801 0.60547 0.061634 0.22668 0.083073 0.36686 0.22177 0.83023 0.30506 0.06417 0.0042843 0.86107 0.83063 0.13994 0.72028 0.55491 0.49219 0.58264 0.8521 0.096874 0.30064 0.88839 0.084318 0.66175 0.18504 0.83273 0.20386 0.10138 0.39451 0.47977 0.067445 0.55248 0.18079 0.38816 0.43184 0.18212 0.00014397 0.20413 0.75215 0.50754 0.46673 0.87538 0.20981 0.054715 0.4514 0.047869 0.7382 0.14775 0.6629 0.068268 0.10715 0.12153 0.020727 0.069528 0.0053312 0.74298 0.067821 0.0028565 0.94419 0.54768 0.0059385 0.081966 0.36053 0.86214 0.55565 0.10915 0.41394 0.18833 0.43498 0.53128 0.81155 0.50849 0.00020824 0.69531 0.50556 0.44143 0.6124 0.14929 0.0014017 0.41332 0.27427 0.13471 0.48954 0.15849 0.074959 0.54531 0.73986 0.48867 0.61547 0.11715 0.054552 0.026696 0.0046891 0.74733 0.087344 0.38617 0.031716 0.63977 0.68879 0.99035 0.27841 0.84852 0.72734 0.81771 0.021834 0.61746 0.04795 0.039365 0.12203 0.22849 0.63266 0.25004 0.062435 0.11641 0.52132 0.41073 0.4115 0.16851 0.35552 0.0077465 0.18191 0.75644 0.22722 0.37946 0.24806 0.44924 0.7197 0.13465 0.1309 0.65727 0.088583 0.42816 0.28347
0.98546 0.013882 0.74229 0.13146 0.31075 0.0011969 0.25927 0.051981 0.29735 0.5681 0.090211 0.39615 0.00025039 0.91259 0.072599 0 0.0011923 0.23771 0.20814 0.6431 0.060567 0.20244 0.24593 0.054013 0.52014 0.059091 0.53191 0.0036367 0.12176 0.22834 0.18661 0.56513 0.44652 0.74214 0.43291 0.044529 0.35758 0.066199 0.52382 0.10236 0.3988 0.89604 0.13528 0.27824 0.31035 0.52721 0.39492 0.99207 0.12815 0.78195 0.83106 0.066657 0.93561 0.13703 0.0012053 0.12289 0.16913 0.05141 0.71594 0.026958 0.15436 0.76605 0.006381 0.76173 0.70164 0.74644 0.72194 0.88448 0.014091 0.085098 0.000655 0.47409 0.16641 0.71506 0.024212 0.49981 0.16935 0.010121 0.064595 0.2669 0.12065 0.46709 0.31522 0.16575 0.32143 0.016133 0.050753 0.023898 0.0015008 0.37444 0.053027 0.33645 0.0050751 0.25895 0.88711 0.027449 0.11053 0.001268 0.13305 0.78296 0.0794 0.77538 0.10863 0.52979 0.14644 0.27528 0.40245 0.03685 0.68783 0.69421 0.20025 0.11586 0.013039 0.2066 0.28955 0.81925 0.50585 0.55899 0.22476 0.80656 0.1228 0.90689 0.15881 0.77271 0.92752 0.12752 0.49335 0.8287 0.069898 0.088639 0.14309 0.00053415 0.087516 0.054039 0.07555 0.073935 0.025336 0.071373 0.10153 0.75004 0.20394 0.014442 0.036211 0.81728 0.41548 0.51372 0.082208 0.23102 0.0026842 0.094172 0.50999 0.00048083 0.16934 0.09607 0.035803 0.29885 0.1092 0.13859 0.26563 0.66689 0.23631 0.22501 0.82646 0.017028 0.16488 0.56577 0.062279 0.14954 0.34982 0.17329 0.55607 0.98267 0.94336 0.00099867 0.027832 0.54887 0.019897 0.27657 0.10896 0.56818 0.56573 0.33624 0.65516 0.28068 0.02027 0.19563 0.35576 0.048207 0.1218 0.58862 0.4563 0.2742 0.39024 0.12445 0.084553 0.27516 0.007936 0.09111 0.14323 0.11178
0.13928 0.18827 0.0196 0.84871 0.032961 0.023437 0.084009 0.32572 0.83915 0.05497 0.15202 0.065459 0.74825 0.28702 0.02472 0.0011923 0 0.91114 0.52571 0.026926 0.026397 0.48232 0.55103 0.60841 0.12486 0.85767 0.37402 0.13297 0.041522 0.40123 0.11565 0.013536 0.56465 0.10066 0.1802 0.073879 0.82446 0.9274 0.010722 0.023346 0.012013 0.097566 0.77803 0.0043593 0.25536 0.00069877 0.045506 0.12016 0.21463 0.00066596 0.82721 0.67842 0.84582 0.18765 0.74608 0.19308 0.67814 0.15666 0.039067 0.83914 0.27678 0.59833 0.11265 0.40291 0.77277 0.13045 0.0043792 0.00081679 0.68442 0.034586 0.59122 0.18559 0.38087 0.018339 0.0026991 0.86708 0.003887 0.14731 0.0070141 0.056486 0.30303 0.79065 0.35851 0.63194 0.57668 0.017606 0.43237 0.16841 0.17711 0.97958 0.85087 0.014942 0.00086141 0.5668 0.84459 0.43763 0.92864 0.049878 0.32065 0.6461 0.55953 0.18054 0.025144 0.26746 0.61165 0.11017 0.46505 0.1649 0.27554 0.21545 0.334 0.97508 0.71904 0.020131 0.59026 0.00072769 0.0033299 0.097623 0.070984 0.62564 0.96343 0.68952 0.36889 0.0027935 0.75879 0.37282 0.48829 0.73247 0.00075475 0.82089 0.48113 0.022067 0.84913 0.0018086 0.16736 0.2131 0.58497 0.60431 0.30823 0.58015 0.0089893 0.37453 0.012788 0.061069 0.56439 0.16133 0.76483 0.00029939 0.17147 0.078346 0.25835 0.0016314 0.5296 0.71202 0.19004 0.59807 0.91181 0.77855 0.68943 0.44687 0.0017005 0.01491 0.068741 0.11649 0.15374 0.75893 0.22758 0.10841 0.0044737 0.59928 0.61475 0.27092 0.38363 0.15618 0.0042332 0.84258 0.096763 0.030376 0.37629 0.84001 0.51075 0.3468 0.70716 0.054456 0.96602 0.117 0.1287 0.47327 0.67307 0.53328 0.15029 0.044383 0.23033 0.026485 0.46509 0.046594 0.51666 0.12175 0.095305 0.27958
0.44611 0.78139 0.001493 0.19159 0.93367 0.66773 0.18167 0.3463 0.67849 0.68013 0.15012 0.25809 0.23392 0.0027577 0.045371 0.23771 0.91114 0 0.37584 0.37011 0.0029388 0.07459 0.81922 0.82296 0.24139 0.9691 0.72489 0.66125 0.11584 0.57454 0.030792 0.38831 0.015696 0.085769 0.017472 0.8974 0.00036309 0.043894 0.0064082 0.0066856 0.91912 0.010388 0.78979 0.074498 0.034966 0.59932 0.030916 0.13506 0.47759 0.31066 0.67895 0.51206 0.61751 0.35168 0.12612 0.067691 0.18541 0.070989 0.014181 0.42499 0.16975 0.13755 0.23348 0.6959 0.0014193 0.36456 0.5723 0.26956 0.17696 6.236e-05 0.0066005 0.60555 0.47401 0.41171 0.8891 0.93925 0.48883 0.061147 0.37532 0.17721 0.7997 0.64394 0.39016 0.81957 0.46356 0.66598 0.25459 0.12482 0.80268 0.80916 0.094823 0.11931 0.2252 0.0087726 0.41308 0.37921 0.42243 0.98427 0.37952 0.00021798 0.020535 0.19025 0.13482 0.10041 0.54995 0.41751 0.0094983 0.11488 0.21918 0.60098 0.07771 0.41265 0.00096033 0.38431 0.17487 0.82925 0.25755 0.73612 0.32403 0.34119 0.0038994 0.17733 0.09694 0.035368 0.70941 0.60717 0.81629 0.20121 0.22607 0.095597 0.0094894 0.020486 0.023426 0.70149 0.52801 0.18145 0.016075 0.20506 0.83081 0.15849 0.94221 0.0020045 0.034342 0.91495 0.066397 0.0042653 0.01054 0.00033654 0.074541 0.49146 0.3674 0.59031 0.22848 0.16818 0.47601 0.00046859 0.34059 0.20576 0.015082 0.030006 0.44404 0.011791 0.1191 0.50897 0.77857 0.55067 0.075429 0.85415 0.21545 0.49838 0.1127 0.29818 0.49759 0.078048 0.092134 0.94327 0.95511 0.25747 0.010309 0.031548 0.32639 0.0016653 0.92813 0.17202 0.60626 0.39645 0.54767 0.45051 0.0044601 0.26326 0.25802 0.85838 0.79144 0.90934 0.17749 0.09756 0.2747 0.34681 0.088052 0.00046651
0.032244 0.45445 0.42478 0.00011314 0.54121 0.12222 0.0050582 0.72458 0.10364 0.040043 0.3191 0.0082172 0.007781 0.023953 0.76802 0.20814 0.52571 0.37584 0 0.052206 0.77514 0.36677 0.039034 0.24525 0.70158 0.60034 0.11194 0.49886 0.1347 0.28204 0.61892 0.0047522 0.053864 0.13011 0.44962 0.0019894 0.037098 0.38291 0.50693 0.036542 0.046261 0.063804 0.37981 0.0061927 0.68124 0.6025 0.0042313 0.024095 0.043073 0.74691 0.63496 0.1819 0.18531 0.66567 0.07932 0.70912 0.27655 0.7204 0.70115 0.02209 0.011839 0.0096695 0.81925 0.63829 0.81994 0.046126 0.0051172 0.076744 0.16732 0.71329 0.62643 0.86134 0.021122 0.087481 0.51516 0.266 0.098867 0.70764 0.047189 0.56385 0.0042114 0.22632 0.0046207 0.48612 0.59852 0.18799 0.13412 0.39749 0.23459 0.31157 0.73067 0.0094654 0.004642 0.55848 0.0085769 0.34123 0.5066 0.12958 0.25216 0.0056608 0.57248 0.87303 0.69123 0.47153 0.019607 0.0074431 0.95014 0.32429 0.010038 0.98131 0.00020202 0.1988 0.036287 0.1705 0.26765 0.69692 0.77119 0.39264 0.8618 0.58717 0.59917 0.18934 0.47605 0.081468 0.7615 0.04838 0.0015805 0.14679 0.15627 1.2087e-05 0.50059 0.24909 0.00028298 0.024831 0.28722 0.6554 0.23192 0.42226 0.16717 0.078987 0.054124 0.75187 0.46169 0.0063255 0.013766 0.074197 0.49695 0.85587 0.72044 0.78804 0.14047 1.9613e-09 0.043449 0.85368 0.96912 0.034472 0.11757 0.082187 0.018816 0.066464 0.27016 0.88033 0.9461 0.025737 0.020963 0.079934 0.01467 0.71995 0.031258 0.00035137 0.58876 5.6656e-05 0.076226 0.22464 0.033077 0.00029152 0.66548 0.023659 0.067016 0.04934 0.74717 0.63646 0.18881 0.58337 0.0095641 0.082054 0.026751 0.35331 0.74019 0.48962 0.12382 0.35787 0.44971 0.085062 0.040713 0.26076 0.39149 0.88024 0.21482 0.089159
0.37114 0.535 0.05459 0.73713 0.013157 0.095082 0.74722 0.13794 0.04573 0.74155 0.5417 0.074621 0.05204 0.76401 0.088595 0.6431 0.026926 0.37011 0.052206 0 0.71448 0.49403 0.85487 0.21794 0.087433 0.79548 0.04217 0.077273 0.45642 0.58079 0.52625 0.22178 0.55814 0.12697 0.0081924 0.019788 0.37918 0.32379 0.033757 0.8094 0.088163 0.20336 0.57112 0.76418 0.096032 0.8905 0.1164 0.023021 0.27468 0.02131 0.68552 0.57503 0.37362 0.027595 0.81706 0.35489 0.71909 0.17386 0.50197 0.67289 0.221 0.056036 0.40193 0.074962 0.8583 0.0074197 0.10403 0.94675 0.0035679 0.85884 0.54282 0.036325 0.49216 0.59906 0.641 0.52938 0.0048369 0.23252 0.73856 0.062895 0.084746 0.057038 0.64754 0.33797 0.021034 0.45659 0.12035 0.92905 0.3041 0.10122 0.0917 0.24659 0.51185 0.89369 0.10707 0.050465 0.019865 0.0054354 0.1234 0.058675 0.23375 0.076322 0.98197 0.50402 0.97372 0.5515 0.046179 0.0026791 0.33091 0.075117 0.85138 0.2706 0.027476 0.066198 0.00080139 0.21363 0.58097 0.61173 0.0056873 0.077149 0.05648 0.096465 0.30644 0.48988 0.90418 0.30746 0.1176 0.011329 0.85243 0.018827 0.23901 0.91566 0.10562 0.72634 0.22286 0.62028 0.23151 0.12025 0.082971 0.45143 0.25596 0.58816 0.042665 0.39311 0.089249 0.019096 0.11852 0.1152 0.91877 0.16184 0.029911 0.11768 0.51401 0.77827 0.74155 0.96929 0.14762 0.31225 0.016973 0.059988 0.73943 0.6877 0.28926 0.038779 0.41077 0.0055271 0.0014406 0.6431 0.28849 0.74562 0.036754 0.027041 0.0088947 0.5349 0.051165 0.63624 0.0052479 0.27295 0.042441 0.74177 0.05527 0.80771 0.0017472 0.76289 0.50928 0.76958 0.73418 0.15489 0.16963 0.53801 0.0010351 0.069026 0.39188 0.54612 0.11251 0.054113 0.021692 0.047834 0.071433 0.20103
0.047617 0.49837 0.10331 0.00013105 0.0039905 0.81762 0.15265 0.060842 0.981 0.86289 0.29401 0.84938 0.84591 0.70566 0.048494 0.060567 0.026397 0.0029388 0.77514 0.71448 0 0.0020853 0.0018497 0.44045 0.92526 0.22195 0.93325 0.056266 0.3715 0.85298 0.36289 0.13781 0.44264 0.98253 0.61815 0.79851 0.024068 0.31898 0.020502 0.00041173 0.82976 0.93691 0.74078 0.049269 0.3114 0.00345 0.0040027 0.27657 0.082797 0.011551 0.00044049 0.2864 0.054971 0.00026014 0.025617 0.58118 0.11686 0.72135 0.0069884 0.23101 0.014966 0.46178 0.66942 0.86803 0.17428 0.19079 0.25658 0.46939 0.0036691 0.52481 0.57905 0.018414 0.10817 0.89632 0.019633 0.042576 0.91588 0.73916 0.022264 0.056918 0.44746 0.29355 0.50777 0.048652 0.84213 0.081499 0.16938 0.95753 0.76081 0.22938 0.45779 0.090643 0.00060848 0.40531 0.62974 0.33347 0.20227 0.44293 0.36474 0.5688 0.28797 0.70367 0.73941 0.1605 0.0080776 0.22231 0.007351 0.52385 0.19929 0.041548 0.099525 0.012002 0.90817 0.0016107 0.41762 0.94714 0.14913 0.002432 0.046577 0.9019 0.25151 0.0042259 0.99864 0.16244 0.033507 0.15229 0.92634 0.50514 0.017521 0.86603 0.0053968 0.005907 0.11168 0.013197 0.005104 0.13714 0.47653 0.0026335 0.1101 0.9644 0.0017964 0.41874 0.26694 0.010053 0.057214 0.32609 0.1276 0.55065 0.11504 0.41838 0.99663 0.73713 0.24684 0.98216 0.0010841 0.41766 0.90393 0.57726 0.21141 0.42035 0.12397 0.0012526 0.79335 0.8438 0.33147 0.46758 0.026198 0.92471 0.45814 0.010695 0.073868 0.90739 0.28235 0.01321 0.7017 0.4172 0.047846 0.11568 0.48669 0.4088 0.96744 0.45722 0.13152 0.65735 0.48102 0.79978 0.98548 0.050274 0.85122 0.73905 0.26796 0.080371 0.020957 0.01473 0.10467 0.96777 0.14121 0.49591 0.013442 0.042536
0.66966 0.26523 0.025866 0.031765 0.35604 0.82279 0.41547 0.032031 0.18456 0.44573 0.49722 0.17338 0.9992 0.07221 0.51246 0.20244 0.48232 0.07459 0.36677 0.49403 0.0020853 0 0.068194 0.0018055 0.70353 0.38731 0.33923 0.19262 0.80962 0.091976 0.72991 0.46936 0.42004 0.17813 0.91212 0.77082 0.00068792 0.80895 0.91428 0.0098762 0.018923 0.10193 0.33966 0.57392 0.85243 0.14313 0.52882 0.21873 0.86495 0.03608 0.94703 0.63441 0.037778 0.84891 0.013008 0.012573 0.15563 0.94305 0.11537 0.047705 0.10769 0.34816 0.57875 9.7544e-05 0.099091 0.84787 0.0025405 0.35245 0.077489 0.0003976 0.19246 0.1869 0.94915 0.0025844 0.0066317 0.22494 0.65185 0.65898 0.70052 0.20049 0.59464 0.60544 0.014735 0.0072229 0.33474 0.22207 0.68404 0.070191 0.76611 0.016627 0.36629 0.035285 0.12759 0.52571 0.19431 0.66751 0.30749 0.056545 0.55483 0.85052 0.41004 0.29789 0.68284 0.74587 6.4967e-05 0.11887 0.98922 0.067833 0.49012 0.34929 0.032126 0.094178 0.015839 0.0047133 0.75164 0.12057 0.64701 0.45404 0.50568 0.30837 0.046103 0.29988 0.18975 0.13829 0.90458 0.55624 0.6371 0.19761 0.21697 0.88352 0.012161 1.2621e-05 0.77271 0.84463 0.31519 0.079914 0.00028812 0.039207 0.22218 0.027636 0.64361 0.095717 0.22564 0.97026 0.19342 0.15287 0.068053 0.77979 0.49059 0.5785 0.020934 0.28728 0.034987 0.55243 0.13684 0.44682 0.15875 0.0015478 0.87774 0.028299 0.0080212 1.4112e-06 0.089945 0.0037483 0.21408 0.78705 0.010746 0.69742 0.97983 0.91559 0.70556 0.775 0.7404 0.3354 0.012358 0.94525 0.066587 0.96123 0.78811 0.12661 0.49401 0.6027 0.39697 0.15684 0.99143 0.02294 0.72597 0.84658 0.0035611 0.88543 0.093958 0.42686 0.023936 0.10139 0.87503 0.96877 0.068328 0.0087046 0.028398 0.57359
0.10838 0.47864 0.64796 0.43958 0.0035979 0.15841 0.25877 0.21561 0.32544 0.70263 0.015824 0.16476 0.00052681 0.057402 0.017158 0.24593 0.55103 0.81922 0.039034 0.85487 0.0018497 0.068194 0 0.26372 0.48823 0.064301 0.087801 0.010072 0.0050736 0.92335 0.79183 0.36132 0.68211 0.013523 0.14867 0.2832 0.35751 0.48636 0.018961 0.11899 0.063883 0.40596 0.00014672 0.00029373 0.47083 0.40082 0.49397 0.16756 0.79254 0.24844 0.96104 0.74882 0.1298 0.23462 0.0056703 0.57035 0.18727 0.13401 0.14933 0.54469 0.16285 0.034586 0.82371 0.70765 0.3961 0.0023513 0.052035 0.0063467 0.077645 0.60343 0.26931 0.065666 0.22495 0.0018595 0.29125 0.063162 0.89173 0.47341 0.32448 0.92478 0.33611 0.26849 0.60154 0.5315 0.03444 0.0075876 0.49997 0.030935 0.0054619 0.16955 0.67982 0.18198 0.4688 0.12565 0.67847 0.03125 0.94795 7.8366e-05 0.18318 0.09316 0.078425 0.37506 0.7616 0.39771 0.051601 0.12781 0.1251 0.97184 0.50693 0.47937 0.72037 0.076332 0.68692 0.00052139 0.30694 0.87132 0.0011993 0.21487 2.7551e-05 0.051035 0.0037679 0.3304 0.40746 0.24864 0.48771 0.45479 0.20258 0.49192 0.28035 0.39081 0.02399 0.54666 0.64138 0.60603 0.0056217 0.055157 0.35209 0.63016 0.70505 0.6272 0.088879 0.63348 0.07554 0.74421 7.9155e-05 0.0025905 0.039377 0.36755 0.9652 0.41925 0.088945 0.71821 0.055644 0.27577 0.42239 0.25203 0.67236 0.80867 0.29955 0.16135 0.82532 0.70983 0.28166 0.65767 0.97944 0.47757 0.60127 0.019057 0.0018761 0.00026116 0.091143 0.29225 0.2162 0.040026 0.022793 0.64039 0.075549 0.18435 0.44459 0.010165 0.81459 0.39325 0.067412 0.032727 0.00045357 0.10507 0.77104 0.057313 0.22678 0.058853 0.0036568 0.20079 0.16094 0.054234 0.99543 0.047935 0.89816 0.023082 0.88488 0.37203
0.00079116 0.85309 0.50037 0.16859 0.22404 0.45161 0.10729 0.2409 0.30744 0.00034658 0.044861 0.024424 0.063659 0.32124 0.62501 0.054013 0.60841 0.82296 0.24525 0.21794 0.44045 0.0018055 0.26372 0 0.36598 0.12488 0.10456 0.77206 0.018162 0.0082354 0.26343 0.034137 0.0025135 0.20124 0.05371 0.5705 0.10243 0.69354 0.38579 0.47137 0.040601 0.32517 0.040503 0.1271 0.40411 0.54622 0.31925 0.055096 0.16345 0.049094 0.0077863 0.030375 0.21547 0.78686 0.24097 0.19646 0.01755 0.20148 0.60459 0.76354 0.60025 0.16502 0.013796 0.80129 5.4559e-05 0.43578 0.79756 0.069549 0.10351 0.13949 0.088587 4.3349e-05 0.76353 0.086233 0.15545 0.24807 0.64902 0.018086 0.07352 0.2399 0.20074 0.26735 0.0070997 0.1017 0.60102 0.034421 0.10077 0.086482 0.37568 0.070044 0.11882 0.28427 0.17153 0.014036 0.8016 0.57863 0.34474 0.15814 0.012295 0.68087 0.52884 0.23115 0.65885 0.15002 0.035542 0.83981 0.79188 0.075824 0.46464 0.8114 0.0035082 0.52362 0.41254 0.56158 0.40898 0.58937 0.0081601 0.068201 0.48068 0.2873 0.024546 0.032688 0.00012483 0.1012 0.022355 0.53102 0.12965 0.74356 0.30371 0.42213 0.071282 0.44857 0.45295 0.26116 0.54256 0.0080913 0.97347 0.12206 0.0033856 0.00071042 0.98872 0.050802 0.46791 0.92276 0.0003472 0.87708 0.069777 0.75721 0.65612 0.49757 0.60004 0.57952 0.024096 0.04809 0.0084008 0.066081 0.72906 0.23997 0.63489 0.0092583 0.036206 0.40643 0.40805 0.0011881 0.80128 0.20375 0.44291 0.078198 0.29242 0.0052524 0.78397 0.49807 0.0047863 0.056755 0.0014886 0.30379 0.01149 0.20323 0.79265 0.046626 0.70085 0.44908 0.65757 0.97468 0.97974 0.87153 0.96972 0.16579 0.62307 0.0075261 0.74849 0.96275 9.7482e-07 0.054499 0.52584 0.64112 0.60535 0.21202 0.019885 0.086343
